863 933 2432 1562 992 76 631
1571 1657 1416 1066 2664 705 842
867 2907 2910 337 2804
2549 1540 2535 2454 1819
1303 1355 69 1568
2924 872
1366 2395 1934 2039 2907
1763 1408 2008 1217 398
76 2011 141 1788
1981 328 1811 1016
1134 781 481 2281 545 2379 386
2526 278 1108 1676 194 371 1246
2906 2281 1975 552 2724 2086
2461 407 565
1285 2835 948 394 2882 904 269 1279
313 28 2868 1410 1040 859
604 2898 1102
494 1413 641 2860 1071 2854 788
1887 2331 587 1970 2432
352 1290 2125 2207 85 1237
2513 2545 2244 1670 2623
965 104
1601 1235 2591 2580 2808 1827
1465 823 2654
566 2516
2486 268 2143 915 1580 2268 433
2927 2332 2401 351 755 21
2270 2247 2782 1618 1795 756 549
1624 2541 2563 610 2847
466 825 396 812 39
586 89 602 2958 1114 2235 1276
1380 2010 2166 1372 1446
455 2727
1832 2686 2937
784 723 2610 1370 1122 2676
2347 693 1833 533 863
533 867 334
2341 2314 1413 808 145 801 1525
2491 1333 1239 598 384 2278 2579 50
2334 1927 924 1901 225 2213 276 1842
542 982
2994 857 77 169
999 591 438 1021 1235 2170
2765 569
1466 2759 2840 98 777
1837 2817 370 1778 685 280 354 988
2267 2738 2662 1854 2901
228 127 2398 283 2853
2365 1893 93
411 1997 2681 2001 1219
513 295 2129 2285 2484 1145
1937 2263 781 910 1627 1362 2090
1762 124 1710 2978
709 942
2031 2235 2583 2730 1045 560
1529 1279 2282
1110 1298 713
1330 1453 1636 2819 517 216 1993
1264 861 2786 2582 1029 572 1287 854
2608 282 2670
2064 553 1733
2276 2047
1020 2830 2851 495
1974 439 2957 741 540
1208 937 128
1592 517 363
1276 2812 333 2067 2847
468 1415 1400 1899 664 1997 1474
1524 2243 2797 2984 2198 2837 1039 2944
83 2160
2547 2916 956 1715 1848
1126 2367 2976 958
2447 474 2297 164
1046 824
2408 2535 723 1193 988 1682 1731 370
1646 1172 650 2272 2638 1028 325 1607
2871 67
548 1928
1390 295 2572
2438 845 911 2740 755 1983
93 2325 2903 2176 369 2423
1796 21
150 2372 2941 1192
1773 2984 1081 2022
2070 508 1670 920
2160 1090 1087
179 2838 1700 1749 2428
830 2688 2267 2633 678
1902 2026 1112 1128 2356
774 2908 209 1320 351 211 384 2101
396 1150 2474 2575 2450 53 2378 1397
2938 2064 1038 1967 1413 2335 23 2412
1132 2544 1343 2153 32 2860 276 1939
1011 1021 991 178 910 677 2323
1090 1147 1678 2716 2402 369 1820 906
2019 2556 213 302 1583 1233 1686
2115 2764 2476 1552
2498 1507 1673 1214 2058 2042 2683
859 2497 896 2874 1324
2722 447
2448 851
1261 2560 1682 278 2708 1366 2209
1786 535 1535 1146 1033 1662 1284
546 1892 1630 1865 904 672 2749 1349
1880 1664 1252 2906 1938 2141 2138
313 2942 1048
1344 112 1381
2698 1459 1228
995 363
472 2319 2341 2481
244 743 1353 412
2970 2611 2111 1721 2520 2955 1823 2079
2986 2476 922 1996 1457 512 985
840 1779 2850
2243 1016
223 1787 655 760 1410 517 570 1130
2033 2842 15 874 2545
243 1652 1681 2311 1132 2511 2146 1459
2077 348 2811 1022
859 1165 1031 1207 1810 735
1550 175 2388 1549 2641 2535 548 430
2606 17 2743
850 1993 1527 2189 56 1921 2175 903
1996 2083 2646 693 838 983 129 2660
755 1770 968 1597 2692 1599 2409
1959 765
2646 663
1036 914 910 1576 546 1398 2190 1032
1695 2553 2043 1206 1634 2457
869 2825 2263
2352 1935 1936 1179
2252 1675 1011 2310 1670
2618 2598 2514 370 2915 909
1724 2303 2309 1578 2316 275 722
751 376 2501 362
2668 1463
2262 2919 2255 1426
76 1904 940 505 1310
2027 1998 1292 1681 2347
2812 2009 2088 2537 1982 1935 138 161
2891 2817 261
1770 356 1651 2096
2371 257 337
589 1834 826 2515 2277 1176 1384
2663 1092 1626 194
2427 1211 1045 2420
617 2978 752 2552 550 590 423 2801
131 1842 145 1182 2259 872 2473 2917
2181 405 1192 2842
790 2114 2235 95 2408 2577 510 1396
1938 96
985 2168 2448 625 643
2139 508
2302 551
1449 1927 760 2214
1762 2167 261 951 1337 2216
1202 2496 1488 598 2133
2995 914 2802 1871
1473 1739 1944 833
836 1200 368 1634 2661 2027 2616 2403
1012 1044
1307 1412 2585 1484 1707
2966 2416 2127 100 1234
1994 1924 1212 922 265 1601 85 1352
2892 463 1851 2883 2260 2332 1125
1239 2268 2686 1494 144 81 1647
1395 1473 67 2388 1485 522 639
1919 2903 2410 2261
1420 121 452 1087 1344
1919 2864 896 1442
1737 1481 61 1150 2763 612 570
145 2319 618 658 1930
2035 831
2397 613 293 2832 560 967 2932
6 2233
506 2491 1044 1176 2703 2976 2578
1114 800 2268 2269 515 360 1819 790
294 2252 1100 297
950 1594 2572 503
1085 1047 2226 427 2667 829
2017 796 1644 2573
607 1466
2027 85
2874 2750 1503 2451 968 2105 2199
1607 306 195 125 1414 610 2724
1923 1312 2864 710 2935 1211
232 1154 533
1192 359 119 2791 2533
868 879
879 2694 654 2832 2231 1043
2627 1979 1112 337 2398 885 2942 1576
2343 2878 866 1348 200
2266 1991 2562 826 359 2446 1549 2106
955 2235 297 1019
1244 549 1970 326 2787 2571 574
2369 489 2291 1665 1319 1604 391
1029 1021 2145 2579
2069 1604 523 1206 1817
1204 2824 1016 1120
2132 1289 726 1494 25 1840 866 1514
1733 33 1345 2557 2192 1642 2442
2514 1364 1379 1106
2208 75 1065
1988 698 1404 2219 2544
468 1574 1966 1181
1642 1518
1096 2058 733 1742 194 363
2658 682 2577 2724 1057 2777
2638 1590 945 2680
296 854 1016 507 848
2480 643
2680 1639 1386 1954 930 982 1705
134 2094 2576 1883 2072 1749 2130
2239 2729 271 2511 2076 1824 1831
1287 1129 2627 1589 1944 673 2838 605
2867 361 1788 1237 403 2955 527 2712
162 118 1283
688 2660 2283 1000
2724 183 1007
115 770
691 425
2742 230 805 2414 2122 1124
1677 1213 2553 2438 39
39 2337 2620
118 2111 2721 1857
1273 2911 2438 2980 329 1927 1824
1169 2787 385
941 1078 887 1354 2981 359 1425
1865 1112 2500 111 1186 1996
256 786 875 2323 329
2770 597
1710 2074 1360 1646 2326 1803 604
2590 2484
171 2313 2556 2740 2477 1339 236
2779 493 2345 1284
1557 379 2018 2602 1221
2233 594 2551 1857 1780 2314 2564 1798
1393 2548 1427 361
1364 705 2361
339 1894 1939 1556
1729 539 738 1863 356 1501 2171 1739
1588 1169 1333 2313 429
676 577 1756
384 348 1348
2744 2853
37 2779 1868
168 536 1416 2966
2211 1031
130 2831
2807 1280 32 1403 1970 2114 2343 2129
228 972 627 1883 2807 1622 484
1102 557 2137 2791 1049
550 1540 1565 2299 823 247
747 1030 108 1716 1999 2569 1511
217 1198 213 46 240 1841 1205
2082 532 1047 979 2389 16 1095
1124 977 1623 2384 1062
2034 592 2383 2400
2377 166 2715 2301 1041 1406 437 2983
281 1748 2915 1600
2255 2472 237 867 2164
1652 635 147 525 1244
306 1899
2997 1733
967 1282 1364 2266 1580 2597
2008 2566 2607 946 870 1059 1286
1541 739
1691 1100 2067
48 2872 2395 2593 1684 2296
2180 845 85
2267 669 2786 632 1427 2862
1926 2808
686 649 746 2848 105 393
522 2220 295
2070 471 2843 2297 2444 1945
1002 2239 724
485 1704
1430 1217 2046 1732
1383 881 1027 1333
1753 367 1284
2263 2992 130 91 2657 2194
2544 144 2197
1045 1040 1800
1256 1956 52 2139
2542 86
1282 1775 747 1051
1204 1449 2442
1896 1441 2987 1542 2890 2165 827
1764 1995 2239 1210 410 1311
1156 2810 551 505 2733 2875 1407 195
2625 1091 988 109 1391 1796 1735 2525
1166 2546 513 124 1713 52 1237 2589
179 1958 917 821 765
284 311 1388 2181 911 476 1157 2984
1701 1227 502 1888
1919 2299 2350 2174 6 145 1823 1785
2227 221 2113 1141 1560 2212 1919
2076 1986
2166 1050 2946 2167
286 2224 1856 864 963 222 2134
2294 1497 2608 1895 1844 171
2965 1523 582 2570
1031 1340 1463 2856
2545 2574 2616 1518 1339 2104
1745 747 450 381 2519
913 883 2241 2049 2506 1818 2861 780
2965 905 2206 1116 2667
366 1081 658 1603 2354
1385 1021 160 2529 355 1143 876 1380
2323 1907 1014 1341 2610 694 867
783 2165 2381 2704 2369 889 2658
2479 1971 1897 1487 1190 2122
2888 1836
2132 1810 1312 1839 2078 813
2483 242 1397 953 977 2948 381 647
881 1915 860 2822 269 1738
990 916
2970 807 2647 45 2426 637 106 1335
607 1864 811 956
2264 1925 2616 1267 1545 327 2879 2403
2874 1290 23 39 2871 159 2802
1778 681
2274 1040 1182 2524 1230 347 1162
2066 977 2291
1229 2607 343 432 1467 1995
1299 2122 992
1478 2748 1071 1402 2749 252 1733
529 2400 1199
892 244 1622 895 1647
604 1977
2334 1073 569 1033 1373
2957 1551 612 2541 1893
549 295 1646
2991 1905
1980 468 37 232 865 1392
1782 906 2722 418 2200
1169 150 1302 758
2128 1400 2236
1709 1338 1516 2443
1873 206 513 355
78 1349
2043 8 175 1117
2097 1103 1371 2650 688 632
121 1096 1015 697 1771 1651
1353 1167 304 948 2775
2631 2160 1237 2816 564 1902
1759 534 2194 269 143 2946 2926 2282
2733 2086 1521 569 1141 2242
1585 2146 1898 456
27 711 703 1393
1472 2739 690 2729 1840 343 2288
473 433 84 2071 673
2499 27 2891 2116 1701 276 1802 2678
1679 2923 2652 2856
2043 2460 2517 1695 2157 1389 190
2907 1988 1032 1267 2765 1160 2562 592
2323 922 2459 9 1289
1348 2850 1336
1750 1169
438 2662 754 2911 1141
2683 2846 1958 2839 1370
2858 1799 46 1689 928 845 2582 228
1962 592 292 1651 598 2824 2691
1587 2628 960
1137 1964 2100 956 1681 57 497 1644
1342 1519
2898 2383
1035 1407 1966 2299 38 1279
1685 82 2835
409 198 1712 2665 208 354 897 865
1430 2456 1592
327 1972 1293 631 2650 2652 2951
2368 2559 2044 1712 504 906 863 478
660 2014 1700
1646 2415 245 993
2376 1322
2242 1374 1725 1960
1553 402 2134 2239
483 962 2686 2741 2167 726
2472 1221 1555 1162 287 135 1643
2779 2778 2345 2819 2525 553 1973 522
389 2328 1217
1658 102 2382 1236
2642 1531 2491 848 828 143 2324 1409
507 863 2088 2206 900 1309 1198 2595
639 2884 1541 1984
457 1659 234 935 1297
33 348 1581 1861 2195 179 221
1519 1439
733 2851 1245 297 2993 537 1144
2914 859 220 2087 955 1764
2459 2997 2550 2169 83 1725
2980 2730
1379 1259 1021
2720 721 1557 365 2928 114 2698
2 517 670 125 1951 242
1251 1517 370 469 2356 1575
2672 1869 1385 2256
476 1270 2702
2486 2589 1911 1371
2307 2074 610
2723 1852 2346 1576 2510 1394
2238 1785
1217 896 778 865 2536 483 538 268
793 2591 2321 1569 1396
53 708
901 1168 1540
955 2173 1558 2246 1062 2009
1183 2024 945
1826 1611 1456 1441 221 1748 1923
1102 2710 2335
2433 1154 1601 1005 1305
2669 2882 2244 2637 2023 2970 590
2569 1413 2413 1180 631
1785 2019 2272 2882
698 2593 1443 1909
1972 633 407 172 2418 1011 136 1413
1231 2511 468 2657 2829 834 535
1877 1399
1728 381 1734 974 1681 1202 2305
784 364 2003 822
1424 106
2952 56 1166 1304
398 1420 2482 2706 1524 382 662 2729
2968 1555 2581 818
304 2168 700 1826 501 2807
710 728 2539 179 1537 18
46 2853 238
1047 160 1850 826
863 2092
1612 2776 1406 449
1583 1949 1467 1367 1902
899 1059 2129 1946 814 1854 1122
2071 576 2300 1699 1593 630 1039 1257
1670 1463 1236 2327 1093 2159 2087 2771
1444 887 1207 1511 227 96
177 84 2257 1786 1996 2874 1338
354 2892 9 1021
100 1227 529 2713 1634 85 912
2220 2061 438 2965 103 2623 2770
1384 831 2764 1814 984
698 1227 409 26 996 1831 191 1255
836 1144 2147 1029 1057
2566 1713 2802 1247 2484 2244 1175 2795
2433 1707
1712 1339
265 1629 2194
2848 2741 740 1654 1664 2312 1636 1680
144 1559 1874 62 1345 1028 2589
701 922 1338 1831 1065 351 27
581 331 2275 1763 289
1364 2809 294 2628 1154 1429 403 2294
839 1456 1688 2311 136 2793 2169
5 2439 789 3000 1703
890 2488 1103
433 1647 148 2956 2690 2316 712
2072 1407 15 90 124 2292 857 2840
1612 2060
2853 841 1172 268 411 2314 1307
1797 2763 1034 813 1076 2995 297 2685
204 2550
1130 2756 1224 2025 2056
776 1934 145 1522 2464 2390 1375 903
1011 1577 1123
1726 1372 2586 1629 2235 1148 833
517 990 689
2436 940
1005 1479 1992 1952 1913 1349
109 1329 234 2621 1736 2157
299 2225 2773 421 705 970 1663
2610 2857 589 1528 1804
314 872 2491
2761 2503 809 2029
132 2339
2333 2214 2218 246 1213 1845
1288 447 536
2048 1291 321 1790 2964 2436
2538 2776 298
829 1330 2757 2160 2619 856
2699 87
1944 1298 2605 516 1992
638 839 316 2578 1481 370 2639 1979
2392 847 2968 2573
1642 809
2749 1225 2947
1720 2053 2671 1121
2390 25 2473 1728 97
1691 2288 1257 858 534 1034
1047 2716 1232 182
566 2761
473 1144 2048 810
1985 1125 1661 1808 2754
2977 2746 712 2589 2101 1822
153 2446 1696 2769 2749 172 1907 1879
150 2695 978 2882 2273 1058 1964
2066 287 1140 231 2926 74 2704
2689 406 2725 1518 1562 2017
547 190 1049 202 2289 921 51
74 1117 398 585 2559 2506 128
2899 1963
1745 2642
2873 697 71 2740 2132 834
2771 2161
901 2693 2395 1926 1172 2294 2872 1685
2388 2142 2284
161 2294 2578 2203 1475 1206 2869 227
1616 2301 1406 2294 2105 1713 855
1791 848 2845 2956 1732 2032
2256 517 2089 1077
1444 1230 1231 841 2502
1962 611 1699
2557 1611 1058
2973 1313 1367 1021 2735 309 1369
293 2659 1955
131 1181 1409 601 2480 427
1214 2602 1890 1108
909 2456
1193 2465 1254 2233 513 832 1610 385
1945 1400 1126
1117 88 664 2971 2461
2173 2704
2508 811 1995 1693 1660 2407 2086 2174
1169 489 1287 2125
1003 2202 2908 1259 452 590 2033
2547 573 1459 425 2451
590 2414 1940 1166 1081 901
1335 927 1932 2511 645
1230 1425 1463 629 1958
2739 2351 2410 205 1625 1103 633 2406
2884 241 2684
1536 1018 603 425 241 1072
355 299 196 768 2187 2466 1671
1234 2025 2107 2858 552 435 2522
1155 1125 1292 1633 1751 304 951 405
1430 2088 1698 1848 319 684
427 1290
2341 202 1868 2152 1907 1486 2795 1188
2805 2811 2836 2383 1202 1183
1077 2240 2112 1524 937 2191 1151
721 1582 1877 662 440 2763 239
1432 17 423 55 2483 915 518
1197 2349 1710 1303 1065 870
1879 945 343 2752 1475 2108 82
1568 2833 2591 850 2643 2074 265 1761
365 2253
562 2306 1501 1895 744
2693 2104 2466 587 451 2736
1651 2359
1724 75 1314
450 2134
669 79 353 2381 2681 280
1732 834
2333 1904 1836 2243 1454 2690
2641 2968 1087
2892 839 2253 1914 1099 1146 2655
691 969 2683 1847 945
1078 2252 1401 2561 2024 1103 2596
56 2979
607 1579 2269 1097 973
250 2440 2003 3000 1698
1153 295 1638 2964
2163 630 654
1277 1454 429
2069 2071 1622 2316 299 1840
973 98 2844
149 2297 2767 1457 2985 1004 1075 980
2286 2894 1414 782 1150
2134 764 2559 538 2658 506 2451 2680
2930 321
2180 2677 522 244 1963
2286 1250 561 555 1912 159
1913 1384 129 315 999
2783 1517
183 2374 1526 1412 1303
1390 1072 2495
2097 1396 199 1921 1687
2291 926 952 557 2015 1886 2958
849 2560 2926 1131
2175 1099 134 1136
452 1946
2755 1072
212 2691 20 1379 526 2537
2302 2129
600 856 846
429 1674 2681 2352 2592
2255 668 2498 193 357
731 1362 2437 2551
933 2626 2523 385 2719 1537 1289
2416 1164 110 2601 1981 1791 1814 589
627 727 1424 1457
1962 1789 2266
1502 2618 1411 1613 632 1103 1000
916 2162 891 48 1402 2379 1828
772 2894
1903 2178 320
2068 1866 2958
2655 527 2601
365 1943 699 2275 2980 333 2769
1202 1082 692
1948 1267
1140 2304 978 887 1306 500 1061
2637 2665 349 1499 292 1118 2062
1580 1207 753 2118 2274 2206
2383 1332 771 1798
8 468 815 2384 2710 1874 2154
1160 944 2609
1332 330 2177
2986 262 1537 1534 2874 115
1778 447 306 1659 1610
328 122 2127 1617 2154 223 1814
1463 2029 1065 651 1859
2977 1841 2079 2034 67 2158 1149 2990
748 1132
1150 2135 1378
681 1592 1280 334 1444 2907
2704 825 2987 2651 649 1902 2849
2653 2798 1305
1426 2629 1128 2086
2261 569 1874 1994 2390 1872
1881 1157 690 2515 1843 1929 2137 1659
2140 2138 2924 251 255 443
149 1215 77 2581 2687 2110 2156 2520
2497 1376 136 468
2034 686
2059 809 112 578 2993 1152
760 787 253 418
270 50 2675 381 1783
551 2826 1459
1133 1086 69 2235
450 2615 2489
244 118 2084 852 1599
2529 2090
2047 1784 1909 1993 590
973 657 464
400 2660 1634 2743 2159 521 1135
2026 56 2331 513
2761 2935 2966 1032
228 146
489 2708 2903 174 1601
770 737 77 788 2349 1174 2998
1460 2052 1706 1971 1264 2900 1678
2022 2989 19 2504 316
1406 1767
2926 1659 18 630 2969 1242
2294 923 2258 1406 134
1673 275 2410 2423 2233 1934 1581 730
242 2763 2978 2795 2801 1493 2324
102 957 653 2321
2774 2152 297 1934 1567 541
2286 1947 960 522 409 2032
1479 2617 1491 1216 1071 2103
281 2593 1142 253 843
2115 379 2264 1302 1449 2100 932
2197 2673 2694 1004 2326 1266 1258 2939
1978 1683 2362 1898 2394 807
872 2227 2073 1160 2533
1018 2384 2866 578 2499 1909 523 1009
1190 41 2613 2931 1432 1584
1939 1221 468 492 1112 459
2481 2707
1648 367 1796
2545 975 2385 579 2526 1329 1389 2933
379 2689
1472 1390 1712 866
242 682 2534 189 786 5 501
2912 2821 102
1622 1684 1824 2531 359 2692 2757
2285 1647 3 2885
2178 102 2115 2371 732 317 2877
2260 1809 19 1276 2250
2137 579 2630 1522 985 626 2676 1304
2487 540 479 1756 1490 2070
165 774 2015 2098 429
1716 1842 1337
959 158 145 1322 2053 889 442 48
186 2333
1006 1011 1849 2214 1603 837
2734 75 2195 2753 36 1638
425 2480 1914 709 2610 1693 2793
1752 2045 939 1666 1707 841 1192 2753
2613 275 292 2586 930 1484 2280 163
2858 355 2105 2321 17 945
2191 1176 2011 212 58 2625
2225 1799 1132 2801 489
1424 1366 2323 684 128 2274
1216 1863 312 2865 835
776 2496 2975 1898 2962
484 2285
2933 500 777 1712 568 2608 2711
1665 2948 2607 2758 467 718
224 1146 2750 877 183 653 1998
2827 2644
79 2874 2402 2212 2041
1543 2931 1168 810 1672 981
2650 519 322 909 2550
207 1170 2058 1288 2676 2217
533 1975
2917 1404 1376 1461
299 2849 1826 881
1884 1025 2932 22 2010
979 2664
530 1598
2167 264 1781
1324 712 225 2978 1990 1975 2170 1841
1897 747 2109 2956 394
2014 1811 1518 558 394 236 2888 846
1508 2147 1111 2515 1222 924 2676 1199
1916 38 2691 2122 2940
1079 2025 2555 32
1148 559 1098 682 2560 1429 118 2028
1880 107 785 1799 1811 217 610 835
309 1139 692 1243 2985 2355 108
676 524 2850 387 1611 2092 295 1924
2604 309 2376 2520 2592 962 749 1291
2489 1802 2024 1331 1463 2133 1508 2941
1282 1346
1841 376 425 2988 2169 452 2729 550
2332 2788 1377
2349 1529 2209 160 2834 321 2179 2851
1782 2165 1114 2626 1733 1912 646 2029
2771 1901 2075 2849 2398 596 1411
1722 2253 835
2719 911 1707 2705
92 291 2263 1508 2966 2479 1312
2751 2014 2863 2889 1543 2513 1608
837 2222
913 920 310 1925 2132 1003
2011 2699 860
845 1613 1410 2240 549 1677
90 306 1979 2305 1025 2586
2032 203 546 1281 2876
707 615 526 157 1913
2482 1066 1260
364 2705 1476
246 1607 177 10
533 1594 1054 1985 2626 1927
2395 2574 2743
853 2488 2076 311 276
1828 300 2241
643 602 1270 2120
2210 757 2769
1356 1717 2409
2321 1472 1107 1249 545 2132 1523
2237 993 668 452 518 1644
1249 2500 1307 2896 1213 130
241 1334 1750
2796 490 1042 1726 1171 180
1350 2519
2613 2589 1969 869 369 832
2550 1471 2592
1071 226 2691 43
1563 822
1354 991 247 1261
2263 173 2116 1155 2891 599 1425
2153 1759 2887 2565 2796 436 1338 2662
1122 2914 226 1083 53 1177 895 1417
453 2404 825 2795 1306 2691
2416 160 2243 1779
1129 2441 1035 424 2196 125 2213 2138
2156 2701 993
2526 2354 658 833 1208 172 2483 2153
844 2539 750 1206 1333
2858 1991
2229 2361 448 1281 904 2526
2162 781 2197 2788
1197 146 587 406 4 1962 2800
218 2660 1317 2851 2486 2213
1117 2857 2833 1275 195 2565 2433 954
1077 1095 1654
2304 2027 685 1585 2483 2268 1324 1783
755 2219 2868 1312 2174 1007
2247 176 2398 860 574 114
2566 1557 825 1517 217 258 243
845 828 742 1282 1752 1345 1905 2476
1810 815 2692 2157 1702 1405 2342
2669 2381 368 2712 969 2223
227 1213 2366 1620 777
385 1531 1176
2283 1255 2477 1284
2172 266 823 1648 955
2856 1688 809 777 473 1741
331 1022
1405 2952 1045 1614 1502 2502 256
1197 1160 2861 1188 1860 1091
2776 2955 762 2318
1648 2360 1043 2476
2797 1492
2202 2380 1751 225 2915 2624 1196 1721
942 1688
370 923 935 2594 463 1046
1452 568 2415 2631 845 151 1368
1559 658
2694 1680 2551
34 1116
1352 1946 2495 228
479 1241 2321 1875 772
961 2255 376 1340 1222 76 2858
2882 1772 400 1888 2342 1035
136 2193 1370 1101 414 1055
1369 943 1929 1398
1913 1127 1712 972 17 123 1980
2373 1060 1317 1584 2789 2404 1408
2393 1452 864 1525 1847 1196 829 900
993 1327 1467 1037 2719 612 2309
659 2697 2849 23 1946 1966 522
935 409 2879 988 2835
155 2737 2257 794 648 2344
1744 1762 433 315 2384
2291 513 887 2012 2398 471 2337
941 388 2006 2367 1689
1248 1372 2495 528
1041 127 1579 1025 119 1689
1484 908 1875 1269 1088
387 368 2807 2654 1750 840
137 1912 2914 253 240 1775
2050 308 1399
2866 2214 185 931 2121 2309
1409 2665
2319 1499 2359 1300 996 2445 767
1547 2418 1299 1660 1852
1824 935 2066 1130 150 1792 135 2761
2761 1925 1450 723
474 2270 1238 2999 235 76
1674 1320 2995 2745 2273 2566 945
2125 2560 303 385 1303
612 19 1706 124 2810 2651 2840
845 1300 2612
844 1101 2102 1508 798 1421 1979 2063
1758 2454 1563
289 2516
666 2142 315 2099 1864 1490 870
2641 2197 800 1039
565 2292 809 2239
2008 620 1735 2577 2083 874
1315 1458 2091
2751 2425 1283 1228 397 1942
748 221 480
979 1733 2815 1617 1162 1921 346 2342
2323 1143 1053 405 97 1379 2065 1872
577 2783
2156 2554 377
2587 879 901 2435 1770 1390 2456
229 948 1639 1671 206 2144 423 2390
2607 1155
372 287 1976 1274 670 516 2024 1318
1889 2192
1236 2724 1402 786 2200 1083
272 2645 1816 944 239 2306
1876 2638 2159 129 245 938 2703
2394 952 588
2320 1650 1442
1997 1088 1232 2678 2251 1243
2419 1547 2971 1739 2256 580
1086 1078 2893 1726 2326 2971 910
2294 2912 495 1192
1969 1021 1986 1365 1072 2176 749 428
2001 69 1441 1633 999 1341 1808
786 2223 1345 2641
41 2739 2524 1020 2498
1620 2787 171 2358 481
1660 2874 1328 2066 2177
1024 1190 1674 870 2079 493 195 1477
1757 1071 1204 1202
1337 80 38 2885
1455 71 943 1327
2088 432 245 1394 1759 2898
1627 581 265 5 1550 1017
61 360
856 648
2144 19 870 1590
27 1739 2550 2114 1049 1899 1962 288
740 605 1585 958 2022 1267
2721 2875 668 233 1118 2659 2510 1261
2194 2399 627
394 2302 844
1760 134 59 2967 2240 223
970 556 1738 249
928 1067 565 840 2712 1548 1121
2561 2685
395 1710 1414 133 1859 2041 2369
791 2395 1297 659 1851 2546 1108 1538
87 2430 1802 1274 2752 1812 1190
88 2933 2752 450 1663 805 1646
1358 533 95 2342 477 1418 429
2830 2162 315 705 573 1052 1648 2569
2156 781 2110 1692 1587 1102
1418 2526 2748 419 1938
2291 2529
1811 2453 1997 568 834
119 1873
531 944 1648 394 437 2898 231 2760
1988 2521 924 1651 1862 500
2405 1795 867 2057 1683 1579
2878 2804 2978 2176
2002 2901 2347
759 2244
1679 835 1785 2227 2106 1881 1249
1 1665 1494 1514 807 2875
2976 110 2521 660
1517 931 1221 869 2572 2518
2171 1395
2998 2836 635
2796 193
1222 980 1142 2723 2159
2426 666
2636 1761 991 2740 2470 300
153 137 194
1687 2965 1221 2899 969 2283 1842
2508 1920 1003 179
2080 2711 2887 2488 731
1011 2029 1624 457
841 1618 1241
1595 2827 2177 107
159 1711 2286 2082 536 2462 2387 2037
1013 1389 1766 317
2250 2807 2126 1142 1176
577 1427 1558 1030
2187 803 1861 1939 1767 2806 1866 2880
1573 2776 375 28 964 1356 1040
1446 2661 2980 78 2295 2173
2230 1220 538
1452 568 196 939 439 2016 891
2913 1397 2705 2092
2353 2334 706 2769 353
1093 804 2373 1236 2715
1719 92 405
1522 55 1877 1903 338 52 1790
387 2402 1232 1571 881 838 1134 2122
1196 77
613 2871 2935 306 564 1834
2433 1329 1919 1024
245 1044 1074 793
2522 2703 1601 1085 446
800 2147
14 1330 2974 795 2040 1368 356
2052 266 1152 1981 714
534 2994 819 203 1439 402 2177 1929
1682 987 2364 807 1247 2104 2114
2208 2549 2306 1211 2760
565 2007 495 1443 2467 1992 46 682
956 2682
2308 1058 1110 1750 2141
220 1410 1408 687
810 2212 1849 2448 2211
624 1777
2790 1130 2138 2824 2605 384 705
105 1128 954 2951 915 1955 1818
1439 2006 1726 2109 2266
2462 2483 392 2063 1369 1308 1684
2838 616 93 1100
539 2335 95 1066 1559
1699 158 753
1518 2189 2449 1197 1398 2199 2444 1094
543 1010 901 1923 994 2170
2160 590 1846 2363 1630
722 1873 159 1000
1443 1458 2982
328 2282 922
975 2839 188
1362 2111 1604 875 1282
833 2053 2877 705 73 1039 1561 2260
1711 247 2195
2962 2972 2496
1864 155 949 865 2229 966
1800 434 752
127 2551
2575 605 1477 2200 2720 411 226
862 2904
1795 1139 547 1313
44 2474 550 2548
272 1153 2721 1821
1152 650
210 483 2884 2134 783 2131
1337 2847
1393 920
2560 1242 2531
1559 452 472 2435 1139
2224 788 630 1966 55 1049 2386
2355 1721 2829 2421 2799 2429 1650 1206
746 915 1142 2011 1718 822
2059 1005 2356 1619 1340 1227 2192 1470
2814 2653 1492 1053
2112 2660 791 2693 2108
2217 1383 1856 741 2078 1134
290 401 808 1649 268 1036 1033
222 1435 1923
455 122 2025 3 1096 1030 1206 1115
1313 1635 419 1201 1181 2051 1994
2447 766 1038 2549 431 882 790 295
2537 557 2097 984 1193 1664 1674
274 961 202
1483 164
728 726 840 289
2824 600 2826 1002 1132 181
960 1416 2833 1323 1735 1277 2349
2842 2434 391 1958 1817 1606
2362 2279 668 124 343 2360 2728 2289
2669 2741 320 770
1778 1247
1276 352 755 461 2820
2407 1397
50 401 1907
135 1172 1669
2378 1229 1209 2450 1120
2957 324 2850 2873
2924 222 7 1723
739 1818 1871 508 623
2746 1452 2229 1439 2484 306
2999 1826 970 2759 2316 1587
2504 1722 1427 2429 799 2169
892 1864 2533 871 1603 1529 1495
1933 2545 2928
2043 531
965 277 288
2611 1226
2907 902 1726 485
1463 884
2892 689 631 1477 1374
2777 2698 2340 1697 1152
1689 1873 1591 2644 910 785 753
2678 825 1904 1771 2616
2010 210 2306 1866 1528 1430 1448
2978 1768 2557 2094 562 571 2909
1162 194 2677 380 453 1451 604 465
941 657
684 30 2360 486
2313 2647 487 985 1332
1453 1258 1233 87
2528 2312 1863 401 1424
2903 1708 1103 2088
2859 2647 1344 2774 1708
1869 1007 1843 540 998 1041
581 801
2657 2729 198
2680 946 22 974 1527 1521 1945
771 76 2619
2746 1079
2072 731 5 116 1907 773 1216
2683 1994 840 1751
2454 2422 280 2651 2633 2739
2000 836 298 2342 2062 419
1672 65 1030 2702 1832 46 2069
1957 1687 2499
2935 1391
2450 2438 2183 861 2163
143 1906 648 754 2659
1489 2355
1499 471 2826 547
1397 2003 2318 729
249 399 833 893 2137 1323
867 2819 1280 2872 2930 1367 875
2744 2367
2873 1230
1451 440 2968
1923 2160 2518 92 1309 1920
12 84 1706 1464
2985 114 2885 243
2628 1045 471 2365 1041 2044 2387
1998 884 2937
753 2095 450
38 2562 767 1378 2217
122 355 2991 2828 1137
140 2877 1017 1357 2128
1925 1566 2231
2892 1628 635
240 2142 350 1380 658 849
2209 1284
40 1392 1681 2813 1495 1223 633
1619 1703 2953
1110 1830 860 1742 1299 1793
145 639 2147 2034
990 1945 456 461 563 627 291
415 2142 1109 2497
815 1421 1484 1752 1395 1283 1987
4 2113 2316 1647 1196
2304 2413 499 2512 420 2943 86
1074 1593 2969 2678 2614 1898 953
2183 2956 311 2405 1528 464 959 2936
209 1326 1672
1066 439 727 2265 1135
1455 562
1831 1639 1381 1349 1795 2099
688 909 1779 2693 859 2237
797 2718 1563 1227
21 1805
1789 450 2359
504 1617 1447
1253 627 1184 1557
2698 2601 1004 575 9 1549 2468
1914 2321
1413 191
2053 1667 859 836 868 609 1088 2068
766 2620 6 2808 738 410
2381 1999 653 2659 1679
792 1615
835 801 2282 89 115
1526 557 2418 102
701 237 1338 2325
2988 945
2267 552 1207
310 623 2485 2429 1828 2153 1881
2631 2747
1044 523
1773 1978 2820 2974 2235 1423 2602
2221 2252 2584 550 1463 2303
2805 1307
2272 999 651 76
708 1681 820 586 2292
694 86 1808 2589 2711 1308
2019 1902 2663 1084 836 689 2042
2291 660 1571 2768 2634 345 2462 739
1267 2922 2440 2441 2461 1586
1102 879 108
615 2385 2804 2092 2883 264 2037
317 475 2965 2583 1316 1813 2107 364
748 2914 1533 2861
980 812 1374 476 955
1589 345 2280 148 2628
1094 749 1617
791 2862 692 1201 1490 2128 351 2956
289 1304
1271 2529 2542 1249
315 1613 2248 293 326 2646 1068 1214
2340 142 2466 1451 2615 405 144
326 1103 2627 2195 2250
450 643 2364 2214
513 2196 2767 2689 1201 227 2559 1920
2348 610 2490 2188 2968 1579
1874 463
1368 619 1024
521 1363 1169 100 2140 1399
2343 494 2743
2788 247 304 65 1559 103 607
188 1508 1850 1475 758 101 1829 2474
1143 2036 31 1229 2630
2826 1324 139 781 1467 1047 1387 2464
2867 384 1354 962 151
2066 73 2178 1391 196 959 314 1953
928 1388 877 2501 749
688 1798 2205 2129
2215 2304 920 2926
2997 200 704 1298 2085 607 1523 779
566 829 1599 1197 1134 682 1832
1958 2182 761 730
2052 1397 2899 1321 1129
1819 910 2307 1482 1695 485 1803
875 2361 1882 735
2702 1766 2345
300 1977 1285
111 624 276
2742 2800
1027 2894 393 2783 969 1877 1270 1252
1699 1228 2544 2107 2738 2126
1268 1873 1482 2047
794 678 1819 2882 186 2677 1482
2576 2618 310 2450 1678
219 2512 1677 1357 889 158 2853
266 1152
2319 1629 23
672 1568 2711 2143
1142 2625 2215 670
117 2059
611 2474 325 157 1029 1914 1875 415
2905 877 2294 2880
407 592
523 1885 1111 579 62
2893 2522 738 2379 2654 2745
1371 1741 1108 2250 2585 2024 1443 98
1457 2646 550
896 2585 2845 173 1919 960 69
588 2927 283 2122 17 2829 2209
2937 2546 1091
1725 205 1530 1662 577 630 1301
1868 2178 1590 2762 1083 2861 1631 1987
1886 1885 1271 2379 580 630
2266 2969 1714
2477 299 115 873 96 2934
959 1264 2576 1983 1763 2023 2946
167 2083 312 2846 756 2609
1942 1067 81 1412
2773 1758 2167
1957 1840 2545 2685 1971 756 1681 1926
207 57 227
871 1386 1430 5 1588 1171 950 2787
1636 560 93 1519 175 1603 645
465 2429 897 1912 2785 1336 1599
675 831 1375 2404 1584 2534 1673
1018 2833 604 985 2316
10 183 2163 2094
2671 896
1706 2208 2542 2967 2978
2549 1041 1295 1795 2506 744 2178 2670
722 1169 378
7 1162 2489 2305 2922 519
2628 2693 1512 912
1972 2335
11 332
479 2689 762
2178 1724 2238 2642 42 2873
2757 2322 1103 281
2360 1241
1636 337 2905 1958 590 29
465 430 2738 49 159 941
664 1913 1277 2866 54 2095
1556 1301
1753 450 2445
1832 1100 2336
1032 2136 1427 841 943 2552 2614
1488 700 2826 605
1791 384 2370 2160
119 1113 2401
751 2546 2734 976
425 216 131 1958 762
2200 323
1887 1606
895 2524 1147 2908 962 1602 2135 97
1747 183 1819 1229 221
1771 1250 2949 619 1598
1245 2566 598 922
2035 436 2384 1438 560 879
1104 1540 2988 670 545 139
2365 2919 224 532 2093
97 1693 2517 2785 2415
2063 2786 2955
1423 2380 2990 1060 180 1928 2680
39 2133 914 1763 582 2225 2859
1351 2700 1210
2637 2559 1822 529 2330 1771
645 2264 2908 2147 2846 499
1261 614 1660 2095 1103 1111
679 659 1291 2007 2521 1899 1795
2448 2453
392 1996 2664 2092 2636 2833 1895 2756
2423 2921 1677 2165 1862 1754 415 298
620 26 1703 2783 437 1966 1088 1402
1492 971 832 604
235 1993 590 338 2883 810 1595 745
2951 2291
271 193 1860 910 1402 465 2621
1210 1729 2953 953 1526
168 1340 2051 593 483 971
580 2319 1517 2854 698
1253 1745 1016 2602 1276 684 2324
932 1146
427 2900 708
1312 1450
2796 176
1688 1140 143
2543 834 78 1475
606 900 304
320 475 2487 1885 2872 1546 2767 2420
2183 2179 1928 1944 2386 554 2503 651
2592 179 254 2254 270
1446 2540 1139 1442 1597 2822
1939 452 2593 322 2472 776 1397
191 2967 816 1192 2894 432
2070 1441 2859 1515 2165 2384
525 2993
2543 1274 971 2854 1537 1539 1904 2101
1306 2185 2913 1774
2591 233 2282 2542 1174
1360 1106 1963 1435 2348
1503 2334 1073 1528 79
860 2626 2155 753 2652 684
366 2962 2081
716 2582 1517 822 1396 1184 1972 1423
2815 399 2028 1406 1136 1544
686 1366 301 2124 2259 2948
2849 543 2350
2864 2547 2737 2525 928 70 502
2126 1242
95 1994 2227 22
2216 2818 1841 964 283 2655
2158 2229 2568 629 452 2420
565 2082 1866 1627 603
2825 2640 2802 2958 1129 393 2222
1025 94 1762 837 1926 1454 2093 2139
779 1104
301 166 1109 1111 2027
2848 1900
930 1781
918 2077 527 2368 1027 2270 453
1893 2743 473 2300 853 1977
1431 2331
1502 291 718
2560 2436 549 2268 790 1698
254 1178 2366 2664
1548 2546 1742 1836 2572 2906 754 1912
671 2031 689 917 2960
914 851 1148 1406 92 1927 817
2434 11 488
355 2393 1535 701 2184
2761 633 1492 1402
1368 2754
615 2283 2369 1862 2565 1920 1632 483
2044 1867 1066
244 269 2825 1258 2687 38 2199 1502
2966 2511 318 2168
2693 1429 1619 1479 2938 1845 1634
2446 1890 2406 893 2689
201 2443 278
591 119 706 1153 291 1162 2918 108
2189 1329 2297 2679 376 586
948 238 75 1116 2021 1157
874 1071 1095 712 178
237 1202 1257 2977 2673 1602 2799
2185 1183
2186 758 518
2286 2381 2517 214
784 867 2084
933 2903 1561
2013 2804 828 1171 1628
2541 160
2164 1840 2437 2703 1904
2271 2915 1963 2976
2913 657 2495 1139 1341 2988 2964 1275
2097 2111 2741
2913 2904 2014 683
2919 1403 2147 1788 490 551 2381 1983
1951 1077
2895 2770
569 2850
207 476 2561 1494 2049 499 2664
1197 1799
2058 1470 2899 522 2092 1929 447
2290 920 468 285 1686
1424 811 1459 1471
128 1110 446 948 1234 1567 368
1578 2151 2362 102 1141 2978 978
207 1201 600 2937 2156 573 651
1208 1217 1232
2193 2064 2957 2236 2701 75
1265 2068 486 1313 2704 79
869 819 1835 141 52 2580 2260 2427
24 2496 2503 254 190 281 41
2411 2144 1463 1700 2838 165
1427 1503 2826 2934 334 1728 812 1012
1453 1422 909 1995 1180 2810
2357 2495 1799 1606 1214
2284 1121
1496 2688 2285 1566
516 2913 662
2554 266 1334 1052 546 1204 1639
2197 334
38 2185 507 2950 1403
1969 1460 70 2823 2090 1415
2897 826 2256 2630 1401 526 2509
544 333 1744 1324
2797 2792 2136 604 1175
661 2009 685 1748 340 284
1847 1407 168 44 1954
1850 1607 345 999 1191 2795
981 1313 1016 2002
2599 1479 1616 1046 2604
1951 1009 2113 2826 2160 629 72
2187 2549 2183 2717 1000 105
1995 2753 438 2035 2963 2976 2469 1030
2490 2476 572 2654
240 515 1076
851 685 322 2222 2399 1963 1271
2076 2120 1419 920
2518 2333 742 990 1272
544 2476 2738 390 1248
2342 1857 1879 2490 713 1903 1613 2198
2702 1508 1281 1836 2619 733 2659
2268 1424
19 2661 1354 1591 2891
2247 1517 1776 2696 587 1168
2042 1179 1716 1368 1468 1374 60
2603 35 2722 2311 642 2547
2860 2236 942 891 1185 2452
2720 392 2285
1791 1170 794 890 1121 2252
1953 1327 483 1621 1983
2753 1619
2021 1392 1784 488 2573 2625 1126
44 1549
2224 604 1888 778 2973
2996 1116
687 1868 2469
292 48 2888 760
2363 1290 790 1462 1421 2738
1724 1205 2940 2726
2945 2503
2724 1917 2475 400
718 2972 2459 2876 1501
2237 429 895 1199 1294 2100 143
480 2695
769 1633 2009 2218 1141 2929 2782 1876
1044 715 900 2072 1406 2262 812
1233 890 910 1526 2783 1241 1517
1866 1368 44 1912
2596 51 1200 1459 1768
2625 119 2550 1829 2732 1501 2216 136
2251 1788 2896 2794 1801 2218
642 1724
2542 1002 2450 1554 2596 1418
1943 2930 1796 2586
130 1688 264 2126
855 994 1701 2786 2119 897 1539
1238 781
2074 2097 2070 742 692
2836 1581 959
308 1813 329
1631 107 1683 576 1492 1174 28
1789 1011 1175
823 2607 1898 2283 1313 2982 2064 470
654 187
324 2559 751 13 1140 2357 435 774
190 2001 2119 2182 2907
972 2783 2042 2576 162 1306 1934 2844
803 1826 1468 1859 1115
1136 1277 664 1565 519 2517 403
1986 2448 2934
2770 2209 2718 724 2008 2726
209 2117 2014
1952 2296 2364
2345 1882 494 154 2239 2079
1749 454 2844 37 2277 2509 2602 2498
1170 1339 493
1891 1779 1131 1464 2257 2351 2928
2268 1130
2368 702 714 1063 354 2230
2349 2434 1215 929 768 1227 1113 1495
723 2444 799 2339 470 864
2343 145 2205 502 626 1723 624 680
1897 1922 1765 1428 1770 1905 42 1984
96 1382
1085 2195 191 1499 1282 1368 2565 279
1572 790 2716 450 627
1115 1902 1563 487 1330 2904 2631
2112 1965 1311 2817 2456
1699 1601 481 2007
1048 1984 2168 1800 1314 1631
2435 1890 1176 615 1193 419 1267
698 159 2266 225 2829 2910 2478 1253
2989 1424
1254 2572 2167 900 2781 2594 356 2370
188 1892 735 2630 903
1476 2097 1726 2441 1047
2662 1254 2320 390 1429 1479 2188 1800
2219 2811 192 1135 2563 1476 1216 1303
2849 2768 944 2634 50 503
1785 158
442 1421 2199 1116
1340 984 1786 2135 1965 1026
2105 1452 362 2245 1722 983
1368 2842 1505 212
726 382
2827 1996 1261 1180 789
335 326 69 454 2568 1 2736 1496
2564 707 2038 2758
85 476 1111
1648 2310 1416 497 13 2907 1926 733
2984 1001 1360 531 2336
963 2112
1487 35 900 1677 1390 2500 1012 803
287 2166 1317 2926 317
1905 2009 2648 1526
2060 1870 715 974 1811 2623 1195
2359 1384 4 2152 1698 2850 1308 1294
420 586 2142
1897 2511 313 701 218 1216 2750 2252
1161 2581 758 1410
1070 1636 103 926 2042 911 849 218
2023 482 2142 2866
1108 1240
1010 1793 2416 2876 2486 328 759
2292 1080 155 2404 2574 1230 2869 2729
91 2249 227 1730 1285
1468 1536 1821 1043
1911 2037 837 2701 2969
1797 1417 304 1067 1681 2186 2365
2237 52 2028 215
1067 2487 1224 2170
101 131 1373
1692 2050 882 1861 250 1207
979 495 361 1147 1266 516
1082 2249
2482 2518
2954 876
2445 298
2354 2648
522 240 2118 2743 1906 1388 396
1939 2621 1188 2570
2421 458 824 1810
672 421 1644 2005 219 1021 1404 1864
170 353 428 248
80 788 761 2077
2095 513 2503 1989 2853 997
85 1153
433 830 90 1266
2509 497 1787 115 1300 1676 577 2453
1622 2001 1461 1762 751
2804 57
583 688
2696 1852
1626 1941 727 2881 2074 1994
1871 2712 618 963 1361 2764 2730
1739 508 637 2868
693 1020 2065
2773 2261 324
2028 2779 153 990 2760 1294 1718
2090 1829 2484 2702 2311 2550 269
665 2644 687 720 908 2951 2056
578 245 1479 2483
2186 1878
2155 1646 478 2744 1642
2432 1577 1441 1366 1309 300 943 635
148 1118 258 729 192 1460 2936
401 175 1341 28 2235 611 2448
263 1707 921
2263 311 216 2124 2890 434 1229
2403 2256 2953 2318 1387 1216 1980
275 1520
2922 2946 2029 829 2529 2674
280 2822 1803 2349 2611 85
81 2224 2213 1170 2594 1713 88
2026 952 2929 2160 4 1141 2901
2025 334 2805 299 1986 16 1464
1936 1450
1758 977 532
2085 626 1987 2088 2840 220
2324 376
1048 2728 74 1155 1151 768 1628
495 2453 2344 2416 1320
1673 935 1025
62 1418 2033 2301 1115
2608 1312 1300 9 2632
905 2146 2899 1230 329 202 1418 2049
773 2872
1838 2677 211 1409
2542 2145 570 1885 2507 1637
2286 879 1963 613 483 88 563
1366 2001 413
692 190 1144
1430 585 940 1770
726 780 2305
2532 33 1906 2129
2804 2748 809 1610
1019 771 1935
2803 1973 243 892 993 2831 2951
1705 752 795 2437 2008 2846 221
2597 1080 2159 682 182 2119
2588 1260 1166 1786 1981 459 1145 2323
2580 2835 1790 1495 705 356
2438 700 856 656 2073
621 2423 2712 1937 188 870 2236 994
2660 2408 795 529 1956 752 2257
2870 2146 2252 2888 1796 778 2717 304
1276 2666 2268 1176
2808 2195 1263 2591
451 514 1323 2099 10 1911 399 679
2367 1595 2942
1926 2356 1764 1282 1829 927
1291 1279 1155 2652 306
1331 6 271 962
130 1916 2888 2313 2634 2954
1032 2187 2313 395 680 285
2432 401 906 1651 1538 202 1913 467
2795 1856
1696 1978
2761 753 185 1807
511 1465 1140 2819 2300 1777 1621
1231 2614
1783 2078 2933 2514 618
1016 2957
897 2713 2541 375
1736 1137
1337 441 2138 2582 1748 652 495 1564
1332 1530 912 2450 1901
10 2646 2039 734
1049 2354 2253 156 1886 2266 298 1264
2274 2475 1729 666
1473 2341
162 2823 618 1456
766 1829 1868 2231 1494 229 1970 2062
563 779 119
939 2329 1088 1245 261
1052 2008 1953 2976 2630
678 1596 145 2499 2305
706 2975 1622 2182 1358 2874
2124 2296 1593 2682 393 1146
2399 1854 100 2239 1141 928
1179 174 853 1246 1377 1483 1336
2380 2548 1135 674 2509 163 2631 302
2286 1607 1491 1701 2173
254 1925 1578
745 2419 1012 1932 1730
729 676 542 719 2213 286 2684
375 2795 2149 263 98 504
640 1428 1520
1880 1825 1056 2141 25 2289 1669 1843
390 2137 25 977 2230 2693 1545
136 1344 2976 2039 703 257 1712
380 1295 2591
2707 1554 2363 601 1048
897 2599 163 2720 2226 573 407 755
335 1284
144 694 2310 710 30 670
2334 35 961 2058
694 139 2369
1224 527 1182 1201
2668 1533 1206 1776 1008 17 429 795
712 1687 835
1729 2181 680 1772 80
1743 1060
144 1823 1706 809 1756 2662 2163 2234
1562 1733 476 2798 1893 84 666 2784
2597 1141
1492 2443 1894
476 2287 1393 465 1506
1045 1748 692 1741
1406 863 569 685 1470 706 2227
1640 2983 29 888
1305 537 1739 291 2295
828 1452 2023 2235 1420 1880
358 1740 553 174 2027
2727 2916 551 2514
2989 1173 62 2392 269 1697 2598 2333
556 767 2570 1502 2653
1378 2788 1898 1493 2989 1829 2801
2491 499 2360 410
2017 2575 69 2395 1820
1328 2512 1680 51 732 941
1882 2200 1362 2035
2657 1322 199 2673 364 1143 1093
1476 210 648
1926 247 2850
2902 2298 2138 2766 2307
2121 2488
1881 472
737 362 2332 2546 974 2713 1484 921
2213 1547 2340 2270 2890 298 2927
1217 1758 484
1366 759 1035 1809 898 1472 1968 2179
1608 1535 644 2410 679 814
1503 290 2241 282 2725
833 1268 855
589 2331 2962 961
228 2383 191 1327 2997 2350 377 696
2226 600
2424 272
2891 942 165 52 136 2492 1381
2270 1956 2965 296 2229
1735 2276
2654 1748 289 2565
1452 1434 1424 2346 1741
1965 442 2175 2733
53 2359
1216 746 2538 813 2880 1969
455 495 2741
2410 2710
2643 2925 1587 2140 1782 2978 1576
2550 254 2677 2987 1437 1590 2996 987
897 1855 336 2983 1893 2068
1768 2225 2270 2858 2949
1230 2883 1993 57 2801 1788 1748 199
2734 1445
467 1240 617 688 1385 963 650
1002 147
2065 2405 312 1072 1266 680
902 1043
1753 491 2408 1482 2911 1601 1295
577 2780 769 1891 1488
1383 470 2675 203 873 2236
1660 2264 1942 773 912 256
2006 2682 2140 1695 851 535 2258 410
2521 2361 2184 655 1352 2832 1180 2702
229 2143 2622 1104
553 848 1482 1294 442 2671
1757 1613 322 1475 2633
169 1279 1310 1046 738
1721 1219 744 2419 113
2348 2281
2317 2445 751 394 391
1594 2908
11 1630
766 416
2190 2427
2076 975 2919
1779 132 2989 1963 2709 1304 2642
1351 1810 2151 1471 904
2554 1935 2651
2166 582 645
849 871
2178 2655 940 1169 335 1379
2643 1505 1294
117 614 1456 1039 237
2802 1265 489 1784
1970 1678 1738
2135 1747
1582 2531 2508
2430 2123 702 705 258
2690 1519 712 1264 2033 394 1392 2833
1712 2650 1874 476 830 1647
1745 1345
2665 860 2420 895 2473 1694
2895 689 164 1059 2956 968
372 2569 1101 1433 1475 1881
1887 381 2467 2609 2359 740 1110 1659
1135 1635
561 750 363 619
2331 2879 2745 126 1473 1008 162 1762
445 2060 2641 501 603
2332 657 1406 647 174 2163 2281
754 2413 1966 447 1271 2541 1901
519 178
2940 161
2257 594 469 1314 429
2415 2022 930 1696 1045 2303 743
2408 2559 11
2738 223 2441 792 1633 534
995 1024
1466 2819 1501 1379 1884 2999
2643 101 1681 880
1145 2120 2793 892 2587
2589 85 2318 210 2505 1056
946 1601 869 2285 2043
1239 2129 447 880 2657 735 848
1775 2477 799 2887
1269 328
2954 2713
1682 1809
2427 2980 1617 2013 2141 1216 2132 1236
2539 109 637 2129 2940 1767 2642 1394
2477 1637 558 1109 1938 47 872
1340 2809 1297 2422 1464 1399 571
1043 1575 84 991 331 1798
1634 2135 912 713 304 968
923 2984
1819 1016 1216 70 493 1367 12
1999 999 599
1150 1273 2234 1796 309 1629 1916 494
1422 1369 2414
2265 504 1258
2517 1100 98 1893 738 2053 2697
1901 2213 652 2535 2872
462 21 2128 1812 1298 1141 698
2525 213 1679 1375 2175 2549 1343
1907 14 1270
1412 2643 1082 2323 33 1971 1292 219
1867 643 2472 2422 1705 104
1742 2682
684 2352 1744 830 2776 1496
2971 2314 2283 108 2802
1687 673 63
1093 276 678 1531
2724 17
1396 898 2447 2180 2069 807 601
943 2624 2166 2836
1247 554 683 1379 1696 767 1987
149 2375 2986
1229 2166 163 762 607 2023
2590 1655 1461 1175 2757
2951 2187 308 1451 1840 2075 1115 2792
1316 1899 602 1100 1330 557 745 530
1629 2689 1129 863
441 1932 808 2146 1578 1695 456
2300 1284 1280
2922 2531 1441 628
271 785 2113 741 2249 270 1391
1933 1631 314 2205 2333 1517 272
2654 1883 212 1143 339 2285
1968 1852 2854 788 1494
482 194 685 362 231 1589
243 1839 2399
957 892
976 1804 836
1335 352
732 546 294 56 156 2971 2115 2939
849 2414 2836 457
242 1855 2786
1047 1158 991 391 1760 2244
2440 898 1049 882 1027 1564
2892 2117
283 1780 1336
1544 1762 2194 1073 234 1585
1240 818 2988 503
1755 1878 2311 2776
587 1997 1507 1886 1157 2683 939
1827 2282 1385 2799 1280 425 2721
2133 1590 2168
400 2314 2306
103 333 266 2616
465 2608
2663 1425 2052 2698 2276
2003 2504 2539 2799 1841
288 1287 1742 2383 942 2634
2374 2647 1722 94 1768 1725
36 1071 2583 635 1975
355 2693 1156 675 1475 2341
600 206 1189 1552
938 396
2137 2654 1813 123 1224 2523
1051 1316 2509 792 452
666 407 2213 1230 2244 2554 2902
369 594 927 2064 615 1090 2611
2249 715 2693 1924 15 987
1921 1891 449 253 2944 1396 376
2789 1203
127 2972 2602 2569
1306 300 750 2952 2252
2456 1643 2036 1303 305 2300 1533
1815 69 2025
114 539 2203 1988
2155 1494
306 2659 1686
2564 2514 2793 705 1917
1395 1341 373 429 2217
2949 195 1431 1918 228 1903
717 1462 1798
2517 1485 2366 767 2973
224 2202 2185
1514 1442 1324 2494
1644 695 2722 2405 2990
980 1569
2195 401 74 475 2622 1531
1804 364 2930 1009
2183 273 595 2461 2990 1237 2159
2997 408 1518 1615 1978
988 2906 1578 1620
1133 1812 2857 1680 328 717
2894 2844 2544 1735 1313 2671 135
1942 976 1028 2477
931 1849
2738 1113 2090 898 305 1021 2410
1660 1418 1376 154 2477 52 1128
462 2710 2000
863 1170 667 2366 1993 1528 993
359 2590
1196 218 1882
2786 324
1032 845 1380 2151 204 1907 750
917 1091
2322 2193 1587 2880 136
2294 96 859 922
1665 447 1594
1297 2153 1067 1037
1144 2613 2070 599 2480 2269
379 2521 1723
2547 623
1274 248 1247 642
2866 660 538 196
185 2582 1257 1850 2664 1293
413 1223 2035 1408 28 2731 2891 318
2285 1285 2364 984
2279 2216
1567 2365 1444
2761 1263 1593 2614 1380 1905 473
396 2285
1561 2719
945 2435
649 270 903 2826 2401 2585 134 431
629 1785 1415
1305 1462
1779 1209 367 1474
414 1184 1052 1583 386 2867 2330 143
1030 2834
41 475 1340 122 1815 2804
2105 1431
2021 2271 1773
2946 926 2365 2279 2369 2230
1367 393 2033 1938 1718 1579
2948 2873 697 1464 1243
2516 2118 1497 777 2367 244
1237 98 2614 1860 2006 2299
2894 566 95 740 2989 1003
2736 2004 544 552 284 302 1296 2349
1693 2554 2777 1665 1739 1960 1703
997 2070 387 210 2283 2305
2860 348 2835 2320 1651 657 1992 1534
189 1179 1947 2032 2886 1174
2169 2778 816 2785 395
600 2316 2270 1988 2780 1756 685
1623 1877 2621 2627
953 851 1572
21 2248 2801 2581 1098 2501
2553 1916 866
2252 2773 127 873 641 659
1265 563 2076 1767 1808
2966 2758 2386 1235 2249 899 2174
1508 2677 1896
297 553
1500 995
2139 2936 1674 312 1554 115
791 2457 21 1108 2379 2574
2646 1676 2905 2373 2911 1889
2282 2015 2999 594 2221 18 2906
2378 1208 1552 1328 1861 1955
1016 2320 2735 1949
2455 1651 2977 1409 1946 897 15
2783 2304 16
1993 1240 2986
2738 2452 1732 2840 1066 779
1420 990 44 2380 1296 381 1462
1843 876 2560 603
442 112 2887
2908 1067 291 1058 1178
796 53 1517 2043 1105 2685 2965 2933
2057 570 851 318 2571
2376 656 2262 1748 390 1306 3 2115
519 256 2999 354 1799 2253 2604 1065
2088 834 254
1589 762 2992 2693 862 632 778 939
2129 1567 2037 153 1814
2115 1107 2973
458 2119 2925 922
1172 677 496 1015 2513
2161 803 917 629
2919 1455 2714
552 1828 39
1789 2032 1425 1144 1049
2655 1946 1529 2508 1341 198
1996 586
202 2438 2472 1757 2632 2220
2295 2067 617 1114
2715 1072 2344
812 83 1816
1298 1709
282 2743 1375 543 523 642 331 202
1582 1236 2108 676 2146 264 2505 2863
1518 1778 1674
2241 265 2359 2506 351 2988
43 2866 1132
1857 1308
894 1030
2763 99 2144 2933 1696 190
867 456 2744 1538 1415 1939 1817
2070 418 1484
465 1403 2664 2670 2343
1713 2072
2888 1241 787 274
1082 2284 2276 1989 1282 460 580 563
356 1787 159 2568 420
980 2945 2379 2302 569
1550 2139
575 1494 165 907 5 1472
323 1331 196 1183 2759 462
241 469 1528 1233
2572 2268 168 2776 2743 902 1385 442
2893 1620 2938 1452 2438
1005 2969 961 2956 2355 336 2765 1840
654 2669 396 1246 1752
1694 2948 2208 484 2488
2304 1180 1165 1523
1388 2056 742 1369
1811 2155
674 2232
1167 1656 1766 2865 1205 1924 380
1137 2627 1680 1766 2078
1514 1065 1233 421 2762 278
1887 719 1429 2388
2201 713 1736 1355 260 1267
277 2170 2429 2508 953 575 139
1781 2952 122 1902
719 1140 2035 1901 1318 2069 199 20
2839 2914 152 895 960 1238
2420 1364 983 2394
985 27 1371 446
2366 2920
2841 1472 983 1095 2190 1813 2749 1416
2503 2818 106 841 844 1299 1069 600
2325 1016 2637 192 736
2678 1486
2722 1416 2362 551 2225 172 1600
969 2514 633 2623 1727
979 305
2537 1704 1396
230 511 2338 2176 2764 2162 1485 138
106 1229
377 2220 495 1031
925 1629 2340 2597 1007 1058
1203 1967 2043
1201 473 557 2850 1681 2683
156 821 2381
839 1377 213
716 1996 2116
556 1258 1119 2425 2034 2377 2762
79 1593 1900 489 2161 735 1348
2961 2641 2807 1567 2763 1284 1687
2382 904 920 1635 2592 1219 1394 2816
488 134 1749
466 1428 1063 1788 807 2412
238 1006 1124 2196 2144
1672 1845
2412 2536 1337 2005 105 2171
1471 224 1462 703 2317 1305
2591 2810 1625 1420 681
2084 1813
567 1034 2072 862 596 1287 154 1023
98 1601
1846 1685
1139 2879 622 2319 960 2863
2951 2920 59 2749
776 1495 1627 2393 1270 1969 1390 193
2105 775 500
886 2632 1706 2758 88 1253 48 982
1334 2907
2367 610 2535 2326 1609 1053 805
1525 185 1286 2847 2337 199
2468 2310 1161 363 1306 808 2215
1399 7
1165 8 2393 2267 586
1772 2310 1520
2947 40 1881 2992 2372 1241 2347
908 1921 476 160 2179 2016
997 228 1509
2802 2466 1106 1262 1935 991 1387 917
2821 1931 1817
2667 2067 547 2698 307 2492
1527 2257 346 1203 1552 507
1922 1898 2453 11 2628 1785 707
202 882 1365
1568 95 2931 2593 1825
1929 1907 600 1133 981 187 2507 913
227 1707 1450 1979
750 1023 1880 1115 751 2004 2577
2389 2235 632 367 1998 2225
1383 1964
685 1242 1967
179 2504 2495 2369
2193 2036 1507 2203 2421 1311 2842
1846 340 345 2849 1331 539
2855 1827 588
88 2931 1786
1612 100 2658 2652 470 1618 1913
2177 1778 1299 1823
943 125 2637 1480 788
2059 2117 1428 1362 516
1725 2576 307 1268
777 2958 1550 1538
2663 1661 1600 14 1524 114
2717 992
176 555 579
561 1115 2342 2028 1496
477 1917 234 1780
227 1529 281 607 2798 491
97 423 134 1936 2835 1663
501 2017 1299 1045 726
735 2731
98 1059 1397 10
803 2223
1327 1988 121
2895 1004 200 470 654 1344 1497
2575 2674 2751 2007 890 1131 1968 2600
2649 2479
1545 2070 451 2219 2806
197 2047
1179 831 1076 1803 722 2123 41 823
262 981
581 2267 342
2141 1438
347 2135
1392 2485 228 2290 776 525 1419 1269
2941 1511
1952 224 168 2906
670 2050 2813 935 286
573 2698 1723 2686 654 1441 2275 1334
2795 531 1097 882 2318 2787
1602 2005 1637 1708
831 2549 1845
421 835
2306 2252 2644 2967 1902
21 1398 2283 2040 1076 80 1513
2601 520 2187 1915
533 285 665 1184 1988 1586
1855 1022 1024 1740 1314
1494 1033 1532 340 2971
199 836 512 460 2541 1751 547 2852
1883 193 310 2703 183
102 1869
2883 2433
1285 2390
2198 2599
2612 2969 1756 2893 2426 2088
1339 567 232 2461 2715 1309 1220 62
1721 2527 292
60 2614 2059 2006 1311
2833 999 549 1160 432 2851 1149
894 392 2871 1467 721 799 843
1960 1344 836 1383 1048
251 1568 74
2560 736 1473 1880 1009 1785 2287 293
2905 2534 1391 151
444 31 1909 204 1963 378
2431 2082
542 1782 2038 376 1067 2497 1084 605
2272 549 652 634 2257
1037 607 2571 359
1693 900 2564 2711 2595 2034 2081 783
2415 2043 2559 2546 2507
830 143 1762 743 1573 2412
2186 86 1299 630 70 1532 1451
103 2784 267 599 877 1821 1586 209
2453 1253
1859 145 1727 1357 1325 1171
340 1446
1190 582 2141 1685 1132 487
759 2587 133 1672 395 180 978
268 1904 2972 320 1563
1834 96
1087 1764 664 666
2536 2214 495 1400 1546 1502 2186
1215 3000
1607 1160 1562 2372 663 2070
955 2978 639 2184 2081 1103
2099 1649 288 2990 2217 2828 51 1207
336 2566 2910 338 2035
304 2896 792 1688 1056 1233 2588 1478
1065 1905 1233 1355 1673 1952
2550 2783 1134 2280
1294 153 2845 2459 272
516 1477 291 1211 2604 2286 2644
1007 1827 1064
2757 2041 350 750
696 2089 2789 1104 1060
2952 1200 1556 307 2543 1330 2717
2423 1246 40 2545 754 2714
1807 1037
109 212 1380 279 2123 1440
179 2456 2074
205 2210 197 1304 2724 574 853 1004
1451 1394 717 947 1329
1257 2494 1408 1547 937 1864 1250 2914
2370 2540 969 1170
1971 449 2856 672
1877 814 773 2926
390 1315 2728
1218 2055 1257 2226 1065 2517
1947 840 2182 2707 2869 80
2289 544 2839 1097 1585 2668 661 756
1691 1880
21 533 2500 1095 543 467
480 1764 2779 1231
2326 2016 342 1591 2132
2199 341
1434 137 2564 165
153 2912 1127 2946 2070 1899 553
1894 697
81 480 514 2869
1463 2107 519 288 2313 1642 261 671
2902 1644 116
2804 1805
1978 2418 2172 1535
1337 1613 1874
513 2575 2022 1908 626 654 690 2589
2822 1425 305 2602 2556
1965 2604 602 115 2788
520 776 808 2077 1625
2220 2973 1154 2824 2534 78 835
1572 555 2224 2923 2892 2141
1721 1254 2564
545 951 1796
2276 1054 2083 1935
2888 1410 2670 1893 1947
1292 1631
640 2016 1367 116 2793
756 2259 2234
2710 1385 2211 355 1060
2288 1826 781 1368 2680 1970 553
603 1420 1435 2100
582 210
1173 231
2314 293 1436
1047 898 1363 909 1924 2368 2422
343 513 2247
992 2592 1436 2887 2537 1027 1514
1518 1397 2981 2979
2550 56 2239 2764
807 2575 1889 1432 2757 1007 830
1217 1936
2713 498 508 1682 1445 2109 1981
353 675 2127 2183 71 645 1461 324
381 157 2970 2034 1179
2112 2217
1912 2257 2751 1766 2144 1025 702 516
1287 1938 2497 1041 2180 891
1067 786 186 2765
2258 293 2938
1033 2718
2782 2738 2335 1771 642
174 525 1572 575 1575 1683
2483 1054
2283 220 2439
2657 1663 2347 1748 1605 1703 2263 2325
1030 412 2194 2946 843 1079
2051 2067 70 910 140
1767 2441 2423 1777
2382 2475 2640 478 684 704
2119 1735
1131 2955 588
2300 736 2279 461 448 1387 205
2672 1930 1149 2427 1337 375 1768 2172
646 2814 631 274 934
2500 446 617 2211 2027 566
1610 266 579 1726
968 2020 1589 157
2832 833 2701
1364 2553 939 1863 2303 1357
2311 1652 192
2427 2709 2309 20 1064 1639
1620 2352 2749 2805 2599 416 1146
2116 1894 2274 2282 1139 2410
2201 651 2557 2049 2584 1169 1498
958 1675
2767 2706 2643 2275 2444 1915 2256 283
1061 1274 2329 1688
2813 968 2556 2657 1000
828 2355 742 1578
376 1879 2872 1691 2400
1636 646 2184
2464 1444 1636
2717 2196 2509 2278 1267 610
987 288 2360
2074 1389 680 2160 1102 1553
219 2644 1159 2528 148 1462 2970 690
1153 674 2038 313 1786 2182 2191 1310
2635 787 1514 524
658 1063 1731 868
1940 1033 2547
1006 857
2364 669 1699
1812 2614 1796 892 2129
859 2604
2476 507 1765
1503 1066 505 2830 2552 2454
1208 408 1470 2763 1603 1200 2591
986 2411 908 2520 2197
2626 2846 948
658 1525 1325 2954
533 2205 632 2026 1522 2368
96 2572 1401 1460 672 876 969 866
1653 1949 2918 683 1123 1898 1066 2685
1754 1660 2532 52
1419 2093
390 2856 2906
2884 2544
434 2045 2993 789 496
767 594
1200 1592 1428 2523 2330 2348 2508
30 2919 1487 205
1059 320 2914 918 2033
2153 78 354 935
844 258 147 2675 1523 485 223
717 1088 189 2707 2143 2804
2348 2811 2033 224 941 1954
2263 1711 565 1118 1243 1354 592 1705
781 987 1925
2186 600 634 2257 1728 553
904 1853 698 683 665
4 2121
1876 2831 1819 267 2306 2663
1134 2074 1322
1508 2380 659 2812 2358 1343 2377
284 1671 2538 1123
1400 813 1118 855 774 1467 2632
392 241 1744 1275 285
1343 1976 1091 2336 1283 676 1212 785
1930 2201 394 2300 1532
279 727 2772 1253 468 840 1274 2049
2166 2660 1099 2176 1705 1962 442
528 179
1022 1320 1222 2313
2413 227 606 166
1652 689 702 2374 1486 1242 29
2315 1243 2581 2150 1633 1493 1187 1463
1369 2534 253
2213 1545 1533 758 1088 756 1649
1499 2249 1610 587 2463
1733 2571 102 2675 2449
1845 1075 77 1966
2741 1162 2681 1980 2547 2059 1820 2915
2752 2510 1776 1112 2723
1600 1144 2307 63 186 1193 1546
1941 207
642 2262
1996 2754
1465 16 1511
790 474 76 1477 2260
453 272 464 775 1992
1009 1237 979 2310 1102 2929 1353
87 1027 1985 1366 473 2279 2838
1758 1593
334 2066 2655
850 528 963 648 1861
1765 2390 2002
689 1275
2267 840
2608 1347 2693 2943
307 208 844 638 1907 1754 2246 168
2469 1683 867
2975 585 2942 2373 1899 378 2888
2705 2537
2628 1849 1848 2072 972 2201
2724 2701 2347 2755 1908
2110 1027 2447
1739 2467 347 2057 2314 1059
2976 1298 2664 1230
1577 2847 2892
2379 2276 494 2722 1913 2993
1562 2528
2815 986 2103 479 325 891 2355
2858 666 1462 1487 2426 2483 2658 2545
521 2241 1458 790 2184 1043 1863
2441 261 2762 1896
2147 1902 1136
429 458
1577 1392 552 1768 1465
2351 213 813 1375 1076 1678 1970
2982 1516 2010
1143 2634 1059 2961 2086 2352 1030
1696 784 283
2404 1840
1156 241 2151 416 736 12 686
2251 1470 2349 1155 532 1946
2917 1060 1475
2307 1731 2768 161 503
41 1912 1034 2726 579
361 859 1558 2942 937 1889 808 290
388 2144
644 512 1348 327 65 1519
597 1178 2580 1845 1771 2686 1897
222 1091
367 1750 27 1741 988 2670 776
716 1636 2038 2196 1433 1838 2773
2162 1327
267 1244 1317 2889 1889 256 375 1261
2477 2283 2127 1019 1809 259
1719 738 2468 243 1338
638 1535 2548 2362 2784 1960
224 186 256 2271 2069 1372 2151
2984 1516 2709 1311 1924 1872
1207 2739 133 1362 946 2007 2709 649
240 894 1154 1186
2839 842 1373 1436 2048 1276 31
981 991 827 947 1067 1741
260 2691 2840 1859
2115 696 492 2607 158 1450 428
1045 2292 1957 1181 2469
885 1598 1588 705 2445 1577 1800 1842
1077 1146 2248 334 1496 1695 608
1131 296 1484
1976 476 1962 2462 2977 16
2371 1155 330 2954 1253 314 623 2396
726 1620 2554 233 1676
227 1243 1388 1979 2873 2028 1376 515
2726 2555 1126 2246 1686 1385 2748 2691
852 112 1828
762 1034
64 1579 620 1306 491 261
2396 172 1625 2509 2229
105 1961 1075 1457 394 589
1141 1763 554 691 877
263 1641 645 636 912 1132 423 1984
1408 2250 451
1282 2919 576 2338
107 1432 714 880 1737 42 2999 1978
326 285 2231 324 2474 2869 1253
2997 1250 2525 1148 7 2665
278 2775 1112 2378
475 1272
1022 2152 2475 1492 2801
2285 2063 2380
2007 161 258 2480 77 2659
2428 2189 189 1875 1921
1732 1090
2252 1711 554 1739 798 2504 69
941 185 1333 2263 2043 733
1774 841 510 1107 1359
2797 2874 1819 2647 1648 2384 1439
974 2696
1182 2733 2505
2336 751 1563 2344 947 2842 2413
246 1548 2938 464 250
2455 2954 1039
20 2394 1115 2418 1838 85
434 1204 2594 2343 1659
411 816 177
316 201
1669 360 2960 2764 2753 692 519 1076
1055 236 1896
988 2678 2740
788 2650 2938 192 189 1478 323
175 297 2791 1879 2655
2814 1257 2873
559 1977 2822 975
1625 531 762 2291 770 1691 1207
2774 155 2375 1218 2169
473 1309 2259 2462 2648 939
2317 2650 1516 1056 2869 2846 2494 2602
677 265 1985 2207
2400 1121 245
1212 958
756 323 618 459 2921 2989 716
275 29 741
406 2718 1338 987
1681 1130 1503 372 2178
2770 1039 1781 1583
2299 14 2851 1170 2077 1398
2714 1569 628 105 1341 2788
1740 653
2642 2477 2638 2390 849
881 522
392 2199 2761
882 623 297 892 2209 2487
1808 1758 2976 267
2386 1379 2270 340 1663 146
866 661 632 2245 33 2841
294 2454
1382 2557 1853 690 1764 572 1901 760
2267 102 956 1433
2332 1977 2739 1400 39 1135 2900 1622
1753 1202 648 236
666 1503
1457 914 102 2267 2909 516 331
2355 1348 2121 534 2604
1172 2859 2148 2683
698 1592
363 1312 51
1180 789 1027
1293 2685 387 1790 1544 2559 281 2864
260 752
2588 2413 2166 2747 1170
1376 562 458 2 1068 741 2146 2231
2048 1535 2883 478 1291 2158 2875
1738 26 759 2329 1555 2742
1194 61 865 795 1859 73
1836 328 1826 1951 27 2674
2183 1982 2275 161 456
2755 2852
540 2337 1623 675 581 767
1813 2969 920 1862 913
435 1076 2929 1306 1383
1352 1465 1952 570 845 2462 2964
197 989
1829 1102 1971
1529 463 978 872 160 2225 1704
2699 2334 1828
2422 2198 664 1816 2178 2168 2039
2649 2862 96 1593
1980 887 2792
1 2689 2495 1098 1589 2515 873 2988
1683 1029 883 773 2469
352 62 1224 1482
1259 1887 2050 670 2408 2490 1338 103
778 1077 938 322
370 1404 2809 1138 2271 1456 728 2589
2394 1159 105 2576 1631
2547 464 1476 611 1422
717 1650 663 2576 2217
1114 2978 230 539
2618 492 1498 1991 1051
2865 1485 2272 1221
1663 1225 1648 1300 2796 245 2514
1712 1197 1804 38
717 2706 2755 823 366 2201
65 792 2204 789
1221 2405 254 2006 2336 391
1648 682 1190 1 4 462 2013
1949 2472 1940 861 2863 2651
249 397 2650 1693 1863
959 2278 1804 621 334
2036 2712 144 2471
1941 275 2771 954 43 246 238
61 2039
703 1871 1331 2419 612 293 2142
2783 2194 1700 8
2171 276 395 453
2955 2225 2828 1851
2834 2988
2618 2771 142 1735 2826 2713 146 1432
581 2177 2486 1881 1314
2691 796 2443 1686 1333
1657 1277 2649 2421 1607 1363 276 1103
2549 571 2540
1453 1522 1256 933 461
196 1324 1797 2619 1553 690 1654 1474
2201 2002 1002 2502 2685
2659 603 1612 2969 1634 1214 2142 2525
2290 676 1395
2378 949
480 2626 2012 420 1789 1080
2745 1021
645 2531 468 5 705 2143
2317 2360 2303
2684 546 968 2705 1545 2794
1064 1932 165
252 2803 2541 1448 2886 1767 1033
841 118 2922 1557 2056 767 1853
2253 2638
61 2984 1108 1919 1099 1398
1234 885 2618 21
1170 1674 1311 1693 1712 2466
2310 1256 2615 929 1382 2489
1999 2986 1862 144 2995
429 2150 577 625 1073 2075 2811
1495 2431 1853 1774
2065 1997 2252 437 1416 1215 225 775
2389 611 2867 2260 617 2362 1436 2310
206 78 1127 755 1515 1595 701
1997 1457 904 2706
2356 514 706 2530 2301 1910 1588
61 1332 289 2398 211 2333
1004 787 990 866 2505 173 2184 2034
2238 1733
1360 1906 144 717 869 1525 617 221
1661 939 2875 2820 491 2632 920 1694
2230 1651 820 572 1470 1400 80 2206
766 2277 437
642 42 796 1083 2449 46
2567 1947 1396 2841 435
2285 1197 2225 1179 707 103 267 1946
1691 2736 1182 1033 2002 1004 1985
1486 160 395
1018 1979
1505 2528
122 2376 2454 1626 2346
593 16 1650 381 1468 2426 361
1115 2386
760 1666
1142 1674 1001 2813
2947 891 2198 269 1650
2633 2375 1503 36
2692 2591 1929 1933
1270 1256 525 2534 6 2872 2265 91
340 1796 2887 1650 430 5 170
2604 2745 1136 2286 2761 1781 2151 875
336 417 1705 2099
2669 1900 891 2560 789 2451 35
2907 2004 1380 266 1647
660 782 1084
2015 1812 40
2443 2694 2162 2843
349 1121 1880 2757 1772
2780 2042
2887 324 1103 965 1641 85 1184 2190
594 957 2923
1389 45 2401 1521 1794 2313
2926 59 1629 1616
2096 1692 1730 2709 1900 164 2887
1183 2350 2437 836 2183 164 1511
1856 194 813 2024 2948 2796 2182 2590
1201 696 1994 1224 1155 591 1066
2100 110 1808 1575 782 1998 1491
2155 1092 720 2199 1273 2200 66
522 1418
2498 2234 2705 1137 551 461
469 1605 2144
103 720 730 1969 2896 1899 1423 1268
1059 638 1591 603 414 1870 1351
335 1091 1467 1357 742 2087 1316 287
2130 2026 789
1430 2051
843 2583 1598
2567 2089 1544 906
1515 147 2888 509 2428 1304
1884 718 2982 1858 2583
2305 1353 818 808 725 998 2779
2687 1796 2091 2309 1385 2823 1735 2607
1005 2608 2697
2950 506 2937
713 2660
818 462 1924 440
580 1136 360 538 767 559 1992
2804 1937
2024 66 2237 1202 942 2175
849 1883 2261 1608 1613 155
845 2742 2255 2235 1622
1520 2085
740 1268 1495
2591 526 1362
1232 743 155 2355 1057 620 1130 128
806 967
2509 511 649 1848 643 332 1096
896 1335 1841
1026 1672 1042 2971 1946 1233 167 2350
1334 479
2825 264 716 1637
2488 1882 2503 1816 1293 2743 1270 1499
373 1854 13 1972 786 2286 613 2348
2554 1814
2645 130 2562 1996 1241 859 1392
760 289 441 559 750 598
1417 142 1699 861 560
1912 1011 2907 2268 2053 1929 25
1849 1261
446 473 68 2054 1711 1753 957
1325 826 1271 2588 228 2014 2156
346 1831 266 2819 1548 85 2650
1821 1178 1713 2110 2662
916 1903
1958 340 230 1083 1074 275 1982 315
1749 2636 2413 2453 2359 1477 1664
695 1714
2378 1821 70 1217 143 872
629 2678 484 599 271 416 1740 2767
1632 2128
1689 544 273
1598 1807 2837
2440 1301
1818 2642 2290 1292 874
390 2657 1378
981 2537 1304 2426 299 2884 846
2787 2770 794
2793 846 1888 249 1063
750 1858 141 367 824 2615 1832
2890 1764 1150
1364 1945 2272 2989 1802 729
1887 1054 1466 1097 1008 1628
1935 2169 681 896
2226 125 1088
1763 974
2164 49 1353 1657 252 2259
2346 1036 1888 1006 923 2980 645
2745 975
1505 2981 1686 689 916
2976 1246 2952 1453 718 2054 1634 1812
2162 445 716
2717 1925
426 1406 2683 2308 2283 2731 1620 1136
975 2303 210
1608 1540 2341 2581 1507 1698 796 2383
2340 1156 2653 2673 2680 2522 158
1633 1646 631 974
522 2474
1478 1700 959 846 1684 1901
2791 449 2768
1244 186
1445 2106 844 2782 2708
2337 731 2933
1949 739 913 611
2062 332 2263 2908 666 2145
2832 814 1136 1605 1220 1913 1923
2742 2251 1507 2934 2727
1508 594 997
677 2854 926
2467 1517
2164 2949
1194 546 323 1562 1373 715 975 1514
2084 973 1444 1930 1990 439 2680 2846
687 1660 157 345 225
2511 2499 861 122 307 786 571 301
1408 1643 1340 2908 834 2318 1210 2909
1321 2558 1567
1192 1167
2075 1986 2980 115 2119 1530 949
304 884 1391 1813 1837 124
965 2094 1775
1632 1978 1273 1215 2636 2686 1831
243 953 2366 1704
1502 724 2220 1203
1749 2477 733 2128
1551 722 1403 55 2081 2817 1002 2922
2801 1473 398 299 597 265 1157 1348
313 2406 1685 1465
464 1458 786 1169 360 1514
210 243 2620 2623 1602 1875 1558 352
1940 1967 656 1277 1300 22
2131 2166 2880 2500
674 1140
962 1310 1832 368
1527 2330 2964 1664
1245 1399 713 379 1342 567
2956 1284 65 486 355 2455 2218
2594 2144 281 2550 1028 162 2491 359
2310 2732
151 1468 2506 2243
2508 1509 525 2049
2407 1255
2455 576 2280 919
1435 1889
1439 2329 2271 94 2333 1476
578 1537 1034 1735 1095 2064 931 164
993 90 1130 731
765 911 2792 2564 1845 1767 1480
1025 1650 981 101 2134 2488 2202 2271
2336 2488 854 301 2981 2223
265 1017 2966 2941 926
238 1117 590 2536 2664
1161 2873
71 2975
2744 487 1807 1479
2642 1218 818 376 2353 26
2809 25 101 1594 1515
2894 575 2699
1789 220 2559 2475
1574 1703 2796
2565 1398 2205 106 1740 282
889 2629 68 2861 1675 1467 2669 2296
1272 556 2429 400 1057 631 564 1592
268 2064 1925 311 1133 2720
2799 1710 115 1096 2151 2110 760 462
1772 2458 146
1814 1973
1484 1902
1818 1010 1277 1982 159 1317 2173 1794
1293 848 488 1962 592 1243 1220
217 1240
872 2357 1828 1854 1391 2112
630 2144 1284 912 2876 2185 1723
1685 1843 2900 2301 558
238 1568
2889 1918 930 1140 423 853
598 1770 2952 1845
2727 813
71 1435 1732 1220 63 2910 230
701 408 1914 113 1104
1182 813 643
2975 595
2236 2994 1388 61 1435 2127 1716
1201 728 399 2157 855
2947 493 2730 1827
357 1690 1256 2626 2849
3 1662 2084 346 1703 256 2270
1252 1860 892 1800 799 2669 2239
901 1223 2450
1763 2807 2979 2719 1384
2797 2190 865
815 2969 2723
1669 131 2543 1559 2842 1147 1356
2391 1225 2639 2676 1737
1311 205 2060 662 1869 1374 392
880 2561 2751 2882 611 1957
2417 1930
1851 378 1897 2464
2313 2639 787 1166
874 1610 2429 1363 1054 2686 2587 1135
476 1244 2883 2199
178 158 666 1011 2670 189
1577 2607 1034 1876 237 2914 2027 367
82 2161 1377 965 868 1092 1644
2253 2490 815 947 1977
1260 1891 2394 2021 251 1178 930
372 859 1498 2601
75 1631 1426 1386 1541 1831 2341 1711
1478 1968 1725 1786 1192 3000 1221 1668
4 2212 1522 1584 2721
460 2178 1403 1127 2161 1787 1580 2344
2383 516 13
1445 498 326 1174 1061 2738 622
1444 449 2746 1376 2853 1514 1234 1540
2586 459 2358
1221 2694 1532 894 2592
2658 168 2025 2982 491 150 801
1173 426 1487 1474 1648 353 2021 28
868 199
275 1961 2160
2167 1314 1560 2633 2363
2276 1981 2081 48 2893 880 1049 1830
526 218 1545 1540 2506 2913
1345 388 732 1894
1593 57 1565 736 1552
2478 1237 1315 1033 2139 1826 1828 2625
1202 353 494 600 1354 1924 2595
2761 235 257 750 2920 2912 513 227
2684 1889 2354 1790 1185 1676
2673 1802 821 1862 1415 697
73 1122 354 1517 2731 1737 1860 1444
286 688
2527 234 1330 936
713 370 1283 1722
2207 2310 2475 2125 1071 2646 1249
347 2725 2274 2249 2617
1309 2231 1813 1506 349 2819 2827
62 2778 960 1757 1210 511 219 1758
1791 69 2710
1423 2938 1844 2461 2478 835 1181
920 367 2526 811 2542 2439 394
2588 2913 2698 373 1961 166 2162
1745 442 2848 521
553 1547 836 2869 23 2867
1431 227 2852 192 975 2280 2684
2671 1535 117
448 1041 677 1296 1608
891 2330 1318
710 2030
1191 773 375 1252 797 2796
946 2178
36 34 90 2833 387 1350 2220
542 14 559
2039 524 2466 2950
251 2612 879
350 742 773
391 1262 838 384 2965 614 1782
2599 2431 2139 799 1487
1139 1062 1957 2643
2548 451 126 946 1829 1056 1527
920 547
1990 1693
779 858 1976 564
1606 257
2354 1308 1848 1150 2579
1893 529 2713
762 1855 1146
1588 259 2155
1327 790 379 1904 1115 227 2107
156 1093 380 2972 756 909 2086 1811
2 2799 408 453 2137
1370 1716 2035 1754 2082 2526 2308 1267
1201 381 1811 2842 1854
1827 689
944 1763 1218 1838 483 2125
402 727 2677 611 1342
505 981 1311
830 759 2841
542 2874 472
1432 391 2872 1303 692 535
2074 1623 394 2067 1935 6 2730
1883 2438 2772 488 864
1190 2452 2320 1332 619 108
2725 2676 2046
2795 1816
282 1535 2232 1711 2893 636 275
2465 2343 1237 811 2894 584 2529
2409 2345 175 1273 2839 645
1645 37 1505 674 1219 603
1452 2756 456 2973
313 1154 2524 1781
2331 775 802 763 2118 38
1349 2719 1380 162 1057 1107 2869 2738
2898 2888 1117 386 1317 1504 2521
1271 2061 377 2876 1453 476 1526 1578
223 265 2021 176 281 1662
715 2907 1673 1781 1229 2823 2570
2240 383 2391
715 631 2180 1429 558
1202 1115 1394 1429
2705 1706 625 2808 984 489 1876 2786
1643 512 546 1536 2886
112 919 2845 1551 92 584 356
2565 2151
1701 125 968 1532 394
689 2819 1891 2022 802 494 58
2518 1682 1066 260 619 1400
2639 1274 56 2648
309 87 829 743 2129 2906
1940 2335 2053 744 82
2980 1789 1135 846 2308
2299 2739
1862 1990 154 180 2914 284
2053 1957 1391 212 1702 841 2830 580
2530 302 2202
2678 896 1922
1920 2339 426 452 1575 482
783 1462 598 2045
1206 512 1552 2719 1137 2284
2154 190 2790 865 2684 2917
2229 843 2743 1012 1479
1979 1023 1926 319 2191
223 1348 1598 1522
1269 2732 783 1370 1516 1685 39 135
817 1029 1005
1700 2259 828 959 281 2636 2175 929
2859 2506 2162 623 886 172 2630
742 2053 1022 1002 768 1260
1907 2539 221 2900 2901 2609 592 172
1600 2666 1162 1384 2951 2206 469
2706 395 1159 1047 1282 680 1265 2111
2124 2063 2421 1348
2995 2851 175 2212 2461 1540 1384 1085
1175 635 493 432 2996 1965 2864 2671
2595 1788 2155 2313 310 448 2158 2739
1637 13 1794 283 2558 1942 46
1649 987 182 1830 811 2124
2738 1619 782 365 2592
1395 2387 2864
2568 2975 714 985 1847 1119 2209
801 343 2420 2694 1999 2927
2501 388 680 338 1915 276 1564
1474 687 1494 375 2566 2527 1315
377 2965 1508 1012 2111 2019
1758 1996 2354 1492 2890 2302 11 2475
2020 1178 2128
1117 847 666 2950 193 983
1489 600 1348 1210 1626 2974 1107
2410 2435 2930 335 2715 28 709
2253 686 44
1074 2589
2655 2269 1050 1708 1468 29 422
610 2864
1969 174
2557 2131 652 1175 1572
2645 220 2231 103
2063 1985 2099 621 2045 1004 660
1569 2129 1147 726 2818 460
2289 2583 1187 228 388
890 345 321 1808 578
2377 872 2034 1613 2152
1101 1311 980 286
2000 1419 246 2432
2365 2218 844 1863 1245
1795 1936 2763
604 137 1816 188 537 2916 2996
793 259 827 346 725 1658
587 1920 1449 1584
2283 2022 1393 656 2513 2997 1738
2376 415 641 596 472 1515
470 767 1333 2296 2271 1850
1969 1126 2372 1649
818 211 2193 13 2214 735 1049
1898 1090
758 307 464 626 1405 2502 512 1187
1351 1396 785 421 2845 2905
1285 941 1727 2869 2206 478
734 2902 2578 854 2363 1308
796 2126 391 323 1481 2378 2912 1896
1313 1399 1138 910 2041 517 1029
1848 1567 2728 2568 1682 1016 2053
2474 515 2572 1444 2312 744 1496 742
2689 1926
2616 501 1604 844 1768 2330 1054 677
620 886 703 233 2387 68
2402 173 2894
2504 201 284 2127 34 478 1715 427
1917 2899 2561 8 814
2990 32 745
2756 2717 2014
2273 2851 274 2630 720
1859 2789
1823 267 1407 1592 2391 1830
1469 2620 2812 498 2793
1784 714 930
805 2245 27 1185 2928 2332 2708
1034 446 313 1320 1495 2460
728 2823 822 1661 1885
894 317 1967 2450
940 1528 348
1444 1685 2691 2833 2062 379 543
1473 2596 2486 1471 1183 679
2538 347 2169 179 26 1277
2242 834 2805 1091
2429 826 2231
716 1888
1781 1613
638 1808 358
2855 1268
201 23 1314 1838 1678 1019 921
1 1627
2357 161 2216 1071
2794 311 2927 953 990
616 2164 1555 1659
2858 1989 1449 385 1727 1747 703
2096 2640 68
1537 2259 2470 83 1689 1198 1697 2566
2105 398 2011
2869 283 2366 1328 2001 1053 1337 469
1010 2382 1486 2230 1750 848
2641 298 1355
2569 621 2678 1041
376 779 44
2792 918 970
1284 1214 72 174 1377 167
2296 189 1286 1668
2329 721 1341 2041
2253 2839 496 239 1820 2424 2854 202
2920 1972 616 1985
894 398 768 2861 2608 2688 629 2192
1593 783 747 337 1925 757
2124 557
205 630 605 1134 841
2368 1216 152 786 1862 2909
673 58 2155 2518 1829
2404 822
1777 822
1572 2889 1864 245 1319
1221 1345
1671 677 397 2435 2889 328 2898 2884
199 1599 2902 2973 1397 2131 1563
2657 2287 2628 599 1500
73 2695
2549 356 1204 1861
2156 2808 2611 2932 1162 1726 479 2676
1011 2640 1515 2044
2385 2489 1836 37 2166 774
183 1174 292 2542
1830 2471 2649 2411 1358 1192 2069
1744 1271 362 2437 798 37
1827 1219 2590 1530 2036
2480 600
1966 401 1658
684 894
1991 672 1198 2056 113
1447 2278 341 615 251 151
1343 454 1308 581 1398 279
1542 145 576 891
174 190
1118 1235 539 656 984
1436 1062 169 613
1399 664 1129 836 978 2099 2813 425
887 2036 723 1965 1675 1881 97
2557 907
1774 2089 1818 532
1124 1267 2288 327 476 163 1309
1228 1170 1699 898
1167 527 720 1376 583 939 1060 1662
2274 1213 822 1316 1845 398 2554
2692 535
870 2819 1498 61 1661 1537
87 2201 2886 2561 2534 1653
