107 941 36 543 464 631 247 744
164 691 337 447 813 243 590
900 781 955 801 272
167 937
92 428 368 960 83 999 743
356 172 425 75 106 733 910 192
746 222 511 792 123 923
922 19 363 763
792 455 211 658 971 264 159 857
919 838 936 587 445 347 214
905 127 973 123 470 207
301 120
510 258 234
166 383 476
830 130 231 38 835 76 323 87
88 243 881 409 902 166
817 734 793 94 219 367
670 152 484 53 182 257
6 118 338 113
825 25 848 350 261 611 472 178
331 523
600 971 513 1 586 455
235 250
401 93 739 319
634 571 890 863 612 478
963 973 520 927 906
866 221 989 725 579 974 807 470
88 491 460 195 354
918 13
100 656 8 547
419 402
170 567 818 548 648
135 929 668 973 92 392
402 959 408 722 533
6 958
562 507 389 867
56 495 272 587
917 935 920 515 183 81 428 876
495 590 553 7 408 146
798 1000 59 660 33 96
153 455
619 133 473 278 413
128 734 804 424
156 110 582 950 308 431 772 40
359 331 35 94 594 802
328 904
270 447
915 542 396 996 338
961 871 757 822
704 530 821 785 840 928
418 314 466 908 270 226 394 565
952 526 528 442 530 384 599 187
209 650 199 286
418 909 399 580
147 143 981 563 338 349 208
123 795 145 508 319 769 49
850 962 155
637 488 131 661 357 549 327 971
507 466 967 885 181
959 317 715 701 409 623 275 172
654 932 210 708 555 751 408 281
808 493 410 147 875 335 689
883 531
738 402 862 241 615 190 557
892 686 354 796 574 271 32 352
173 418 191 744 822
189 614 165 327 692 892 772 824
902 5
191 959 218 177 886 667
381 923 774 871 419
137 546 191 182 15
642 942 409
640 319 838
260 648 347 831
993 984 552 317
735 584
793 837 243 89 298 890 221
979 531 319 225 888 759 162 386
369 291 552 926 512
186 530 605 577 896 285 194
706 76 793 213
358 320 277 728
552 9 949 170 909 968 598 19
643 274 997 384 521
212 618 318 245 314 972
492 58 755 667 249 489 999
16 585 92 348 578 750 551 555
987 712 213 287 365 315 206 915
481 514 422
81 391 303 210 251 239 952 337
934 197 453
855 764 238
557 359
486 102 700 393
742 495
525 688
960 79 323 85
13 83
144 975 161 257
324 754 411
311 326 562 585 784
168 258 741 1 178 662 183 271
972 706 513 293
973 565 517 967
289 29 510 460
306 297 979
156 659 284 837
496 119 285 461 205 470
340 889 861 187 276 730
842 462 390 680 452 353
447 401 312 423 853 444 25 595
523 398 319 27
415 606 292 582 719 362
653 982
712 908
369 878 747 326 722 676 144 809
14 414 507 869 4 967 660
234 817 249 280 710 117 142
842 601 198 360 884
196 320 988 325 782
967 27 470 814 912
155 698 6 925 806 118 64
218 768 350 824 834 908
91 651 691
563 88 222 772 301
784 289 59 206 364 147 111
1 941
840 343 477 761 577 424 174 242
814 112 584
146 710 502 287 55 677 309 592
767 250 955 874 351
606 167 646 335
477 65 488 688 332
35 520 440 283 773 138 772 184
360 524
606 92 957 699 341 165 947
191 453 709 185
77 994 205 145 841 615 953 505
163 294
414 45
995 403
244 371 466 378
53 644 47 296
739 309 399 487 210 780 877 701
343 46 998 860
616 841 633
211 110 936 242 357 473 739 132
966 626 526
55 434 927 380
802 176 78 127
931 347 286 599 357
402 202 553 886 480 799 812 528
839 237 674
759 40 509 385 572 467
357 793 237 663 254
408 619 505 602 849
542 615 110 374 462 713
964 454 147 537 660 317
411 433 82 606 6
401 243 60 697 79
354 767 741 304
781 89 439 825
36 546 425 492 974 658 542 753
372 800
109 288 220 887 760
343 27 915 52 688 684 738 832
243 251 413
384 1 282
812 736
784 929 964 472 904 276 293 649
217 507 898 326 131 248 716
282 813 964 37
969 483 571 510 81 9 94 396
828 121 594 327 678 100
966 222
116 457 547 794 857 6
463 594 142 146 611 554
524 155
494 110
401 757 903 296 778 150
207 299 435 26 585 66 982 750
126 323 424
784 69 926 858 33 986 595
190 609
410 274 141 704
231 460 846 979 305 300
555 177 373 722 172
742 908 531 673
62 217 375 56 68 412
747 247 599 669 240 776
267 907 404 334 695
410 495 990 462 526
105 67
865 944 495 880 380
742 778 630 316
539 20 183 412 891
317 49 635
951 836 959 377 741 63
448 982 281 615 197 682 93 482
465 583
338 40 38 658 908
99 369 96 440
251 94 467 587 187 239 993
445 956 366
584 457 363 777 358
187 739
256 875 65 424 769 846
690 135 927 154 597
950 66 988 263 923 344 619
755 770
808 554 581
917 722 111 523
281 114 979 47 294 767 888
415 95 501 609
621 583
753 250 130 172 199 717
791 577 822 330
464 957 967 704 408 437 178 300
241 305 22 910 188 333
458 682 135 353 397 662
7 479 719
978 41 961 22
568 456 685 174 541
465 446 696 704 84 276
913 341 697 837 468 872 520 376
546 168 830 645 540
676 732 217 804 13 385
961 133 622 947 441
194 195 837 446 655 902 431
97 927 125
295 595 382
102 842 696 731 721 293
79 876 450 751 535
676 440 635
985 708 608 416 898 584 262 82
196 944 230
961 988 192
106 437 988 180 707 964 602
441 522 344 254
843 728 685
884 210
762 227
623 23 819 341 21
627 503 839 659 903 762 240
508 287 693 107 529 416 745 241
947 122 368 107 460 922 171
44 551 509 542 162
130 780 734
163 958
882 854 998 10 136
753 430 172 788 228
66 866 811 728 935 131 611
134 871
552 6 369 258 336 291 232
689 179 198 506 378
960 277 745 995 335 860 394 4
642 105 125 799 546 460 827 221
585 113 524 572 204 505
14 96 272 988 124 868
502 476 234 891 306
972 764 94 160
848 997 832 448 434 726
243 738 728 467
976 798
225 669 819 219 917
710 511 74 314 1000 637 984 238
369 399 409 937 869 25 811 111
664 785 495
264 574
576 690 904 584 719 350 664
116 891 363 548 103 921 876
538 142 624 897 722 881 688
275 803
468 27 481
930 813 482 907 940 344 161
612 910 295 845 21 483 987 227
3 867 704 747 258 597 294
14 393
546 2 488 520 638
157 197 707
55 654
252 835 188
543 623 690 421 375 487 17
104 893 883 563 582
910 633 457
144 149 401 989
492 725 918 944 179 288 415
233 427 24 142 610 975 352
840 614 85 643 343
891 325 7 921 359 405 983 964
192 98
899 594 484 570 859 438 234
702 984 155 887
620 709
975 920
618 12 780
771 330
305 285 191
111 862 716 798
940 857 808 869 429
108 330 9
325 632 805 799 666
77 32 622
521 718 223
316 677
485 284 518 388 316
774 672 19 826 977 885
24 322 894
33 183 144 290 796
103 41 169 268 414
502 548 461 524 964 466
561 836 975 875 866 618
275 755 662 591 124 431 716
507 755 89
641 371 36
840 402 98 872 663 870 694
655 505 807 831 488 117 328
799 5 448 625 199 123 552
532 236 400 496 622 417 475 540
322 28 727 313 177
312 166
79 373 316 310 383
647 421 703 408 445 216 26
38 960 197 603 863 415 296
553 818 618 282 301 450 736 795
836 353 893
473 986 684
546 286 663 849 938 153 176 169
663 888 750 809 361 247 329
839 170 500 753 955
165 245 618 927 985 848 586
868 520 725 324 706 110 298
759 349
677 862 401 839 380 838
900 809 689
206 391 854 795 818 83 603
497 713 147 985 205
878 56 731 276 495
891 852 80 826 749
944 235 158
763 741 556 377
315 588 142 869
88 657
929 32 424
687 880 753 624 852
162 358 43 339 870 820
893 738 449
956 657 336 512 720
525 862 263 740 333 807 739 967
926 238 434 187 924 180 628
661 649 143 7 260 914 452
448 909 767 902
388 425 364 605
677 119 575 954 995 817 604 848
544 561 127 703 900 991
470 274
12 557 687
661 84 975 731 993
411 454 335 918 270 811 753
375 540
238 199 591 84 377 877 827 289
788 863 569 183 630 1000 772
843 135 83
295 916 286 184 905 879 681
793 746 356 17 414 324 82 204
582 341 224 998 941 774 319
466 682
175 153 282 294 610 454
748 590 995 61 771 227 94 746
43 723 467 852 514 855 839 406
522 729 657 214 381 712 408 116
392 398 816
686 984 802
162 455 959 798 339 616 964
700 329 631 245 393
147 980 5 810 82 465
908 253 273
43 647 104 794 925
516 983
396 22 233 677 843 633
769 255 562 126 592 286 238
893 290 783 852
543 396
845 33 139
402 158 851
754 211 426 718 624 716
924 368 206 677 446 871 372
56 842 683 937
719 85 609 224 828 391
4 82
381 765 459 323 20 527
920 397 591 721
201 879 122 126 480
397 365 8 199 167 539 232 807
35 468 871 817 410
561 400 645 505
383 898
19 147 859
1000 818 621 317 420
804 9 83
735 877 733 911
760 550 4 18 228 299 111 852
195 33 143 785 590 230
502 256
75 771 634 882
445 610 464 444
419 507 523 447 486 17 700 776
72 92 859 226 616 9 547 10
300 778 321 980 769 481
437 444 748 348 192 766
861 315 974 15 120 84
772 973 541 177 898 246
413 367 728 194
384 121 747 221 91 33 992
606 976 174
641 847
368 53 386 394 838
74 229 572 385
752 111 624
495 601 941
471 601 363 449 535 819 908
227 62 755 500 404 643
193 614 383 16 134 310 680
308 322 503 973 435 586 210 765
711 508 520 388 809 416
878 246
681 627 215 560 315
891 794 230
859 121 418
215 22 549 51 35 273 605 855
704 451 519
568 978 755 583 242 232 588 897
895 592 843 9 124
493 344 887 645 247 848
324 788 100 503 225 122
418 522 23 391 183 679 67
928 867 887
350 529 125 73 773 447 952
45 624 1000 512 905
312 637 311
210 543 375 191 626 193 611 63
168 87
196 970 733 415 845 326 978
485 376
819 261
828 518 63 611 350 401 962 492
639 306 166 629 483
296 268 675 395 256 856 895 825
251 555 911 907 538 59 491 72
809 370 772 371 857
656 193 477
184 101
836 357 190
502 759 140 595
421 121 690 898 977 633
802 783
539 959 443 388 64 764 970
638 944 717 259
751 876 351 963 898 575 844 303
621 834 772 243 32 884 224 990
980 977
842 180 153 626 263 851 818
741 912 95 276 690 376 920 705
508 544 483 387 784 606
896 389 287 789 370
869 365 161 693 129 449
964 161
93 478 674
902 855 548
879 838 107 317 349 671 726 897
739 465 361 393 857 411 847
572 119 232 319 749
95 706 267
241 826
147 551 348 870 626 22 228 492
591 119 911 209
841 676 632 400 356 640 997 389
748 379
889 973
626 107
972 720 555
720 292 828
610 263 982 682 572 310
558 232
717 286 489 877
281 346 39 740 551 469 941
321 623 86 444 774
5 651 155 584 379 227 598
723 309 195 320 533
405 302 204 340 412 12 678
512 929 408 353 51 774
543 280 256
213 232 398 573 973
538 536 90 297 689 48
416 649 22 240 718 582 518
253 70 197 219 731 355
721 823
23 210 881 856 883 95 403
656 657 461
574 463 873 740 588 637
930 947
537 22 847 297 226
654 793 885 742 421 652 1000
748 350 739 177 121 586 283
437 993 520 558
957 533 629 992 405 752 761
320 238 571 458 647 113
144 606 450 390 218 945 270
110 490 184 159 198 747 942
281 548 993 532
442 724 280 353
24 324 15 337 440
314 69 58 602 619 734
939 969 602
938 939 180
542 379 1
131 624 416 819
143 834 939 807 306 198 596 78
468 438 407 58
4 891 399
288 837 554 652 25 493 350 863
307 704 85 316
699 454 411 690 725 466 334 325
845 694 233 261 888 873 417
160 712 625 760 316 723 738 616
867 198 906 225 555 83 532 294
170 842 870 106 133 16 671 420
881 979 474 580
298 586 218 818 643 709 819
429 539 600 572
77 161
763 647 933 85
797 754 881
215 474 455 123 82
151 657 150 638 200
632 879
688 94 789
767 541 296 935 1
758 192 171 852 6 851
962 694 497 263
781 550 663
629 713 344 136 580
242 876 841 199 318 528 358 164
92 654 50 319 285 961 480 217
655 317 149 667 434 264 510
353 218 174 191 440
490 262 655 250 105
491 621 371
842 46 61 913 310 45
37 355 104 64 588 903
169 290
134 973 948
118 195 210 555
178 784
246 750
546 185 640 758
84 317 372 216
476 183 473 669 28
719 162 163 647 391 912 792 390
234 779 523 847
969 510 784 246 823
674 636 19 978 311 224 260 23
978 71 263 449 350 309 519 269
362 239 381
894 868
13 395 664 69
831 607 909
384 501 507
643 20 573 82
982 908
249 68 734 331
202 550 499 549 928
803 579 624 465 113 573 602 523
174 996 858 655 652 889 830 646
580 697 569 239 174
249 694 373 150 876 230
949 820
399 990 328 502 762
683 374 295 735
104 531 80 830 596 854 950 92
757 34 647 750 991 501 899 395
250 369 694 935 427 564 321 47
513 779 373
126 153 935 485
938 880 773
177 260 270 746 498 62 440 637
248 865 472 629 206
890 868
765 955 124 307 892 55 405 304
10 343 546 947 948
599 920 548
96 671 440 145 773 928
916 522
147 674 486 737 317 401
689 830 326 246 927 273
440 75 685
643 790
600 571 369 244 778
312 888 578 459 674 439 973
932 911 351 516
428 613 669 367 975 719
370 159 959 923 826
425 347 866 107 15 676 498
514 506 471 135 826 102
415 95 561 993 240 863 15
288 526 486 744 474 779 362
289 725 685 681
456 685 501 821 191
478 335 942
332 284 203 447 545
23 183 654 667 219 964 673
828 247
43 6 565 379
231 622 462 598 985 959 432 870
276 26 534 485 686 510 332
517 276
648 353 788 75 30 752 309
281 713 233 176 491 998 510 284
959 564 842 70 226 356
439 111
592 235 889 104 472
569 168 961 739 157
865 203
685 227 518 8 858 928
230 458 656
161 582 64 134 754 324 534 19
400 428 262
971 622 28 910 581 12 575 876
772 562 250 342
291 317 395 443 901
615 207 155 965 715 255 294
85 753 927 641 369 631 413 612
695 554 281 794 564 668 503
98 506
279 58 784 64
243 472 434 816 350 649 691
607 242 638 418
63 266 573 521
342 736
175 896 368 235 220 135 936 81
413 928 206
696 227 341 282 637 198 663 786
1 573
164 386 23 200 82 652 913
688 849 269 871 1 573
333 444 600
455 938 913 507 794 866 49 734
727 693 441 993 783 383 822 318
871 286 539 713
834 810 115 533 967 526 628
791 759 39
492 202 233 538 330 40
346 121 434 213 222 791 336
208 288 248 960 49 318 47 25
287 977 468 211 562
206 990 304 73 878
608 263 913
344 496 756 949 141 294 415
699 191 378 824 58 889 531
735 39 435 987 670 602
684 508
939 933 276 211 150 823
983 461
79 856 93 663 105 304 564
685 945 818 297 483
530 443
129 926 322 660 576
764 636
178 227 234 79 107 972 384 598
629 894 102 391 772 747
960 243
800 811 724
259 621 592 891 707 311 140
725 109 574
127 160 902 437
577 890 459 218 609 451 854 910
239 957 522 605 929
637 540 150 551 509 923 300 941
449 534 56 961 957 329
450 663 404
345 790 731 175
418 112 839 225 764 409 586
398 1000 419
574 126 311 878 825 20 351
813 176 684 28
678 299 135 406 568
469 169 579
376 830
991 214
168 490 205 510
711 548 984 14 887 497 517
292 745 29 23
647 437 277 785 895 30 283 677
295 68 63 613 809 727 301
12 441 847
679 566 37 716 808 707
265 955 839 443 173
818 549 417 662
400 460 358 825
197 161 705
441 614 744 204 958
833 963
557 416 896 901 915
363 88 321
26 548 105
319 870 277 519 264 906 634 802
446 118 364 718 930 83 554
51 464 953 160
695 475 367 630 606
220 958 533 527
859 235 51 960 436 977
976 920 559
185 17 21 619 955 706 240 832
500 548
818 542 335 853
963 706 140 873
300 894
159 170 161 46 973
552 432 721 760
455 577 40 371 646 602 897
20 160 548 562 706
919 612
827 561
337 549
756 808
480 496 512 666 603 994
225 125
940 556 691 895 702 541
594 481 904 967
316 555 6 782
367 48 225 98
14 187 639 114 153 426 336 474
442 529 178 101 12 614
937 238 193 517 582 573 128
329 948 901 249 73 504 705
187 955 586 152 922 398 958
940 498
171 931 586 711 125 175 216 308
333 167
16 468 675
426 642 327 754 297
457 320 5 378 974 21 810 820
282 623 989 649 47 721 873 770
701 118
391 60
851 399 624 913
368 385
320 141 927 532 718 463
307 935 14 464 977 111 105
583 184 325 909 821 353 856
364 358
575 667
279 947 52 560 665 324
909 119 957 102 791 405
835 150 900
781 65 246 258 224 473 342 483
317 416 904 575 474 715 550 319
92 504 725 196 942 773 220 444
454 6 86 861 398 370
815 129
231 291
332 803 326
586 921
569 91 801 622 658 289
578 473 764 787 453 880
774 101 133 429 225 839 877
902 598 955 82 461 872
65 845 679
533 324 687
651 485 126
588 261
728 757
301 28 358 626 216
757 841 853
716 653 4 726 121 943 338
170 1000
848 669 205
619 199 695 174
737 899 881 203 596 261
168 325 937 579 943 123 954
166 952
557 59
868 611 465 700 749 873 535
381 873 564
736 710 348 44 533
653 570 700 364
30 687
292 84 340 884
74 348 695
873 420
881 542
894 632 958
877 577 55 760 537 672
9 588
548 433 764 545 263 107 322
514 817 568 953 161 781
628 210 199 829 969 78 222 839
716 714
246 917 1 370 431 833 706
747 563 180
901 486 498 441 211 641 579 749
533 486 314 28 893 693
39 750 675 115 322 380 23 54
632 592 187
407 974
488 141 879 981 215 595 700 13
721 884 34 838 387 972 492 442
831 976 236 116 107 176
528 31 102 778 34
860 639 628
198 228
710 298 128 194 969 582 486 850
808 131 676 55 404 63 927 414
976 248 51
557 374 978 944 556 678 929 67
799 622 324
703 92 7 31 739 826
702 252 733
779 320 443 511 886 385
793 182 87 731 749 75 823
611 548 202 661 401
659 599 894 741
101 817 979 144
599 884 298 762 833 517 218 800
155 302
40 489 91 302 183
257 798
942 770
870 587 526 52
859 254
240 235 758 487 433
419 457 507 261 617
631 898
688 695 699 654 501
326 356 885 6 710 335
267 325 532 282 991 772
168 741 818 588 133 382
704 722
220 599 660 838 167 854 388 844
171 371 441
949 244 143
815 245
198 496 209 796 324 348 662 947
544 457 747 319 227 384
790 425 707 98
207 768 671 798 196 373 598 351
316 68 411 982 361 201 656 618
45 705 966 399 62 583 321
654 147 567 865 8 264
548 994
866 201 632 19
900 355 665
291 287 265 465
58 182 739 753
249 612 666 634 185 570 267
404 847 540 984 428 895 170 583
125 263 491 337 392 157
947 317 566 125
562 198 330 299 365
528 893 882 487 130 456 298 326
629 735 149 918 709 725 547 325
958 148 85 677
491 702 600
204 620 337 389 787 169
684 456 58 514 660 912 454 110
104 252 208 295 696 129 976
750 113 601 833
403 452
941 522 276 866 90
371 942
70 996
904 305
44 444 730 447 476 122 240
988 651 724 104 864 426 353 699
231 422
293 258
104 588 977 556 724
117 43 65 94 926 434 627
862 625 107
608 318 751 847 603
827 200 240
956 303 862 550 707 360 723
670 34 85
965 954 882 669 364
155 467 307 447 335
391 899 539 152
625 912 976 120 81 504 137
822 394 21 12
450 344 908 54 484 146 803
705 721
714 331 721 110 952 731 701 37
276 174 150 297 480 875
546 757 693 105 646
244 253 420 419 292 683 400 877
313 278 159 795 96
648 24 199 514 877
989 744 31 356 301 364
874 283 255 14
697 639 324 173
788 202 505 564 869
62 306
162 310
119 680 207 205 634 385
714 993
295 559 458 935 382 491 1000
259 46 649 50 406 402 955
292 121 759
809 207 519
428 783 533 164 641 977 347
700 401 460 334 28 889 946
836 737 323 375 902 280 346
347 49
424 608 739 938 567 417
454 479
88 200 942
477 981 934 927 466 778 232 320
203 766 639 280
708 877 62 766 578 753 23
792 815 181
39 193 577 37 790 136 4
759 976 245 918
635 827 545 597 982 60 134 574
594 852 49
454 783 202 911 188 794 999
942 98 106 148 13 843
245 565 397 811 26 64
16 753
446 19 210
712 280 982 960
751 893 541 817 983 358
984 760 569 908 567 824
119 828 449
29 693
14 465 352 193
270 974 583 869 645 500 996
796 62 159
772 17
567 358 610 588 565 826
605 803 255 968
484 334 72 455
237 891 62 234 254
247 856 284 255 646 510 971
862 790 107 171
105 705 420
668 698 43
955 288
118 91 776 819 824 37 501 683
343 541 383 170 192
275 658 729 321 804 398 597 595
754 444
755 725 621 236 433 785 684
425 640 624 708 725 337 573
465 612 557 935 123
610 736 564 694
611 200 259 777 865 390
798 294 200 413 410 224
209 127
245 871 22 137 65 429 351 892
987 466 23 28 983
308 585 986 956 715 178 223
359 986 623 396 335 362 585 783
922 142 48 411 181
940 64 901 358 465 207 634
943 623 233 113 311 137 116
316 185 235 737
535 454 798 962 634 751 808
257 286 935 484 50 713 688
647 123 758 38 825 659 917
21 556 650 61 661 500 777 335
222 887 734 637
43 412 196 765
326 757 720 29 235 784 391
576 184 209 398
584 540 780 527 438 750 600 619
355 605 204 289 779 508 189
347 436 679 428 651 84 877 635
752 577 79 988
772 178 892 368 40
703 323 649 212 502 756 112 489
245 656
229 901
939 487
86 235
469 496
660 232 286
717 7 411 126
198 527 537 276 573 538 418
361 189
654 599
474 420 540
795 402 259 157 242 937 448 811
258 856 62 804 80 826 352 494
11 868 586 797
805 731 812 506 609 424 329
432 726 675 565 255 4 332 36
159 848 668 378
303 752 648 399 345 937 949
50 55 894 941 289
716 155 138 787 327
682 493 106 289 322
