31 47 7 36 15
38 62
16 76 74 33 96
68 11 10
68 52
71 73 94 35 79 39 82
29 4 65 76 16 5 8 97
67 32 33 86
32 55
8 17 31 48
20 8 14 48 7 65 46 86
6 64 5 19 81
72 51
14 37 53 21 62 10 38
83 24 80 89 50
69 37 18 91 10
96 6 52 22 45 94 23
31 25
72 18 1 45 46 86 16
89 13
47 83 77 16
41 94 71 49
33 49 70 64 6 87
43 17 54 95 65 46 26 84
75 80 26 42 5 9
49 17 71 82 70 23 80
78 41 88 98 76
13 96
100 58 24 10 85 73 39 18
82 20 71 66 44
96 65 36 27
42 41 57 17 28 69 44
73 82 3 18 98 64 7
25 37 14 95 5 68 20
64 82
40 53 2 69 49 31 90 50
74 77 98 8
97 42 9 5 3 56
96 26 90 9
45 86 78 5 20 68 67 57
39 48 40 21 37
44 42 14 47
15 80 67 83 21
54 32
7 74 10 2 25
46 25 15 1
71 83 84 30 35 20
83 73 44 100
67 77 55
39 89
60 26 23 91 15
42 37 52
86 31 48 77 63 99 70 64
77 85 80 29 62 4 2
18 79
57 79 77 100 37 82 46
55 73 42 87 2 86 66 51
88 70 85 3 60 75 79 56
21 97 9 23
55 74 6 79 61
5 79
62 34 2
83 47 39 28 68 100 69 29
99 65 35
45 82
54 63 82 80 25 74
89 61 4 10 56
18 82 47 34 50 92 93
76 33 2 30 93 81
28 3 57 40 21 11 63
83 64
21 41 64
1 65 12 52
47 32
27 96 93 61 32 12 91
26 70
13 55 38 77 91 65
92 48 91 40 33 100 19
77 39 27 88 23 89
47 93 75 26 35 74 82
55 29 62
51 93 76 86
44 80 79 30 21
91 52 64 46 19 53 18
32 11 18 98 83
100 19 96
4 1 89 49 80 91 6 16
51 77 41 44 49 13 27
72 78 86
74 32
73 53 72 81 34 52 35
82 73 72 39 96
3 11 18
88 12 7 95 49
77 80 52 21 79 72 60
5 20
78 72 30 14 33 6
44 55
76 44
59 96 42 44 4 24 48 54
