325 371 192 301 270 483 150
100 388 71 339 211 126 484
329 118 139 69 222 57 251
104 306 454
317 164 179 194 482
221 458 175
17 393 192 203 176 13 43
264 490 465
263 231 84 225 278 476
302 30 246 492 304 288 95
349 465 328 327 467 205
448 132 63 97 375
133 22 479 357
80 310 455 314 404
21 348 107 276
63 233
186 156 398 39 260 305
311 423 266 303 440
456 312
30 428 271 92 264
167 89 481 348
420 10 235
423 495 5
266 298 346 227 457
500 35 287
89 58
255 220 454 456 150 318
485 451 287 249 124 10 291 367
199 103
480 31 118 68
488 475 345 216 114
319 258 33 477 227 442 220 448
229 297 68
495 404
472 473 213 34 151 389 159 387
117 60 323
426 400 391 468 125 191 320 284
118 252 179 427 77 452 481
398 175
361 334 229 479
50 156
400 71 215 368 154 404 122 309
251 183 435 294 249 336
220 46 10 116
369 112 90 455 122 213 314 324
300 107 44 230 80
63 356 379
399 443 484 191
99 222 448 108 284 106 213
273 252 175
430 225
320 448 452
158 285 116 255 109 171
52 65 73 48 328
12 298 70 14 269 162
337 262 53 31
494 347 250 90 332 451 191
401 280 288 388 289 232 133 433
389 257 185 41 3 288 21
245 119 162 499
374 28 24
298 418 205
418 224 415 146
476 85 304
242 370
136 307
88 86 51 435
143 323 166 236 427 197 281 303
300 229 369
474 89 477 259 108 439 469 420
239 237 110 391
124 185 459 105 375 221 191
312 405 326 443
169 67 465 44 363
161 477 405 49 291
223 17 379 49 200 382 396
53 285 404
337 197 471 386
164 121 331 56 485 418 38
329 141 102 20 463
262 379 423 91
108 411 398
53 37 469 323 191
83 136 9 304 416 448
15 269 133
121 333 441
239 9 229 64
328 101 165 84 261 399 407
352 382 487 407 258 141 66
434 275 344 75 451
180 337 27 486 74 262 140
265 116
14 484 221
162 381 138 86 364 325 338 271
240 144 150
275 300 7 480 360 361 313
174 381 455 468
311 173 120 484
327 179 153 6 252
358 322 356
91 164 311 360 472
452 261 193 292 310 276
163 136 18 140
248 147 52
21 377 90 424
38 71 12 325 408 363
24 131 204 47 293 398
243 427 114 116 9 287
100 356 424
51 17 369
481 32 381 150 421 199 220
159 206 340
449 272
476 425 325 381 313 206 288 50
322 368 216 88 314 441
300 481 55 478 341
478 39 303 173 145 166 385
495 464
385 338
252 468 106 237
81 173 286 237 15 470 32 381
410 254 496 478
92 272 42
171 296 21 70 354 156 465 456
395 83 7 464 331 487 409
102 230 300 142
485 246
292 119 38 281 411 296
181 137 500 426
233 146 32 279
131 284
321 67
302 486 340 439 465 67
77 32 79
299 98
351 481 159 316 347 206
64 6
476 227 107 163 153 297
49 469 307 142 194
120 194 488 334 471 102
489 69 413 139 381 64 60 365
183 235 344
188 479 320 241 54 222 128 77
403 70 277 399 193 43
68 181 350
342 170 358 294 282 484
425 221 158 10 318 102 497 18
368 363 210 78 329 85
54 167 71 404 140 195
271 12
312 85 60
80 351 245 5 15
315 180 445 307
158 76 175 445 156 59 254 309
344 345 242 341 495 41 407 500
406 246 130 287 211 145 259
183 225 195 279 24 169
73 207 224 309 219 82 141 270
67 6 186 492 274 468
128 193 67 3 211
191 82 177 137
487 87 34 188 471 153 361
303 202 117 95 238 307 297
411 75 431 84
238 101 497 90 158
244 205
105 350 334 233 87 34 157
281 275 257 212 442 155 247 172
237 421 281 400 120 132 432
419 395 243 183 238 251 477 157
206 171 366
459 477 152
93 488 223 412 232
307 354 396 162 120 178
456 85 159
497 480 79
224 384
223 487 157 108 447 287 16 72
158 131 130
344 461 451 437 10 448 35 489
97 283
313 389 403
217 462 202 490 219 400
70 295 147
138 394 189 422 449 22 291 303
274 335 431 198 367 352 263
478 198 149 183 13 377 110
483 88 204 199
333 497 51 154
271 94 192 57 441 376 450
83 232
236 363 149 420 466 221
344 383 392 27 168
90 442 380 301
402 109 459 453 206 108 128 432
475 137 150 88 322 412
11 335 261 27 283 322 42 165
262 227 380 2 169 493 366 394
429 155 399 394 216
371 487 17 205 358 337 285
73 376 337 167
256 228 74 376
303 270 126 425 63 52 470 183
319 415 133 167 365 193
362 410 199 190 495 141
482 416 335 192 60 297 160
305 42 267
236 419 485 23 83 449 270
156 460 498 7 475
32 322 361 16 161
500 89 225 134 86
286 180 320 72 197 454
444 276 430 459
339 322 151
206 407 35
212 360 188 391 337 17 395
57 87 276 175 23 473
341 218 198 8
151 236 345 466 1 265 374 433
479 243 456 301 244
200 441 112 347 233 86 465
146 415 339
219 268
335 414 286 219 407
343 19 110 380 315 25 415 231
440 6 469 59 498 30
346 193 182 214
255 371 479 380 102 90 439
364 429 470 73 411
354 436 76 286 189 17
137 146 207 401 127 461 113 57
404 61 248 280 447
176 377 18
140 172 379 189 445 488 289
57 151 311 324
299 429 179
60 258 394 318 140 355
147 41
479 31 388 412
75 142 122
452 223 245 349
42 271
18 53 139 289
102 165 145 37
68 326 225 108 311 491
462 252 170 340 35 263 402
41 500 95 429 274 419 169 136
372 221 226 324
486 286 131 173 281 79 117
5 472 334 155 412
22 371 405 460
130 437
218 464 66 152
400 99 328
196 206 386 169
185 272
147 379 58 432
83 291 312
269 177 415
45 454 380 196 44 13
335 171 124 459 239 272
370 164
309 351 221 76 312
217 244 139 467 111
364 470 158 335 169 249 89 59
439 473 383 276 119 170
196 403 487
318 450 273 84 171 218 72 371
351 306 463 428 251 316
215 32 179 132 450 205 284 73
78 497 16 67
219 200
40 469 430 378 301
464 474 229 183 132
340 330 414 346
363 4 310 187
417 301 393 227 438 176
235 78 399 404 226 248
493 494 59
104 21
433 110 266 353 253 355 129 344
19 386 448 47 78 181
89 29 149
262 162 376 314
227 321 274 386
370 482 21 32
191 182 125
118 143 199 221
142 246 110 65 275 449 75 442
59 333 85 302
465 302 136 230 80 118
429 380 454
441 286 142 69 348 129 372 253
60 159
318 419 86 452
65 36 370 43 482 5 42
78 32 273 339 417 298 400 116
491 125 340 411
473 143 83 132
368 150 78 125
47 215
475 379 333 304 68
499 167 62 333 185 184 425 194
154 195 482
184 84 50 89 225 409 440 499
176 294
384 429 314 89 332 93 455
389 24 396
108 287 481 451 437 181
172 37 327
49 289 494 171 449 190 319 442
54 495 482 479 100 293 398
313 494 71 276 385
347 395 224 261 408 90
185 280 481 495
48 248 499
339 338 115 368 31 81
432 456 382 100 321
343 495 108 66 450 78
442 435 292 109 128
421 255 134 299 446
432 258 140 126 57 179 479
418 275 481 25
226 445 17 443 237 461 420 21
433 14 454 20 64 388 369
353 43
117 162 184 183 196 113
365 5 10 22 341 409 160 477
442 436 28 59 182 257
122 481
498 310 36 231 298 19
236 245 460 65 302 350 208 226
103 450
298 327 203 384
62 135 83 92 49 51 172
179 438
429 51 192 238 55 363 373
24 131
395 48 93 224 262 219 244
46 50 167
499 225 295 473 424 399 178
233 265
329 29 9
8 167 235 274 435 280 160 16
204 403 368 207 155 32
62 411 191 472 46 467 406 113
112 458 127 231 215 289
167 287 285 300 304
188 128 35 250 252 284 45 113
247 465 249 39 291
111 374 406 457
25 350 395 275 198 454
337 264 211
374 294 470 113 121 245
402 356
77 6
84 254 476 78 283 177 109
362 187 162 246 11 85
304 122 124 32 141
202 276 29 340
217 333 271 283 246 132 85 265
135 437
187 293 397 97
195 178 317 276 438 160 450 439
109 306 215 459 154 273 317
417 424 317 114 434
98 46 283 437 228 73
2 134 26 356 176 301
460 290 289 4 103 100 199
454 457 162 240 113
62 213 446 476 376 308 181
343 357
60 393 331 82 236 13 250 326
271 22 484 64 273 197 478 441
1 252
344 336 349 398 419
491 180 309 485 113 161 293
171 457 65 443 242
431 359 171 90 79 486 9
147 169 228 356
244 4
332 109 466 55 313 435 395 237
72 286 326 308 225 114 29 403
311 16
58 14 429 440 500 339
476 89 64
439 25 330 129 75
365 401 33 360 167
2 373 493 270
432 360 347 185 277 4 262
338 170 433 319 263 391 146
390 149 478 18 2 213 244
32 197 225
201 263
315 405 218 267
32 244 50 70
413 176 93 372 310 86
223 89 468 106 487 219
175 299 262
449 181 57 472
90 185 330
15 297 214
236 95 485 10 425 68 162 324
68 344
317 262 445 20 360 79
41 149 102 57 25
31 386 273 494 50 85
358 469 269 39 119 151 276 189
331 28 465 372 352 65 108
231 424 137 121 464 290 323
396 368 359
437 263 84 139 47 216 109
109 33 286
57 365 130 479 170 148
357 148 135
225 370 87 220
191 331 135 203 225 40
427 288 73 292 140 323
23 16 162 460
439 268 109 227 332 302 34 135
294 54 231
212 12 305 308 175 257 60
365 233 269 321 349 260 320
250 68 57
176 394 6 202 37 434 309 410
10 384 309 253 389
28 120 461 188 397 299
115 109 211 272 361
313 136
187 22 280 343
420 112 361 149 452 33 344 55
430 427
191 232 392 369
213 259 329 151 167
73 483 145 449 64
386 160 470 327 427 360 4 428
304 385 483 362 341
251 457 351 408 354 261 2 57
107 489 434 111 316
246 212
310 175 327 223 78 36 409
90 446
137 210 418
238 477 128 32 321 433 381 93
125 236 312
127 172
324 68 193 365 142
359 259
134 291 133
401 375 149 425 261 237
134 365 328 265 165
320 392 146
277 107 186 489 85 315 237
127 129 435 51 138 297 12 460
244 82 497 174 299 395 196 285
65 461 497
312 441 230
15 433 407
1 246 104 420 330
54 304 407 150 351 352 135 205
381 138 321
346 376 318 493 154
416 284 311 197 393
437 94
410 218 168 300 123 22 180 475
31 490 156 458 177 26 429
253 195 394 114 130 319
371 441 252 210 413 145 119
414 321 30 417 247 185 490
339 235 376 407 298 151
98 251 316 139 84 89 203
93 48 36 335 295 254 94 38
308 215 208 469 461 294 141 327
410 247 463
151 458
420 204 61
31 296 407
239 483 218 329
83 446 84 157 479 323
422 278
376 342 199 78 225 146
17 74 77 219 62 398 185 273
55 357 153 281 25 393
26 269 77 96 197 448
256 235 216 495 37 431 231 279
479 327
111 280 307 269 14 65 455
25 253
472 28 142 113 246 281
178 284 279 120 395 379 440 349
460 463 374 354 239
8 275 452 252 483 420
6 320
130 209 15 448
387 121 67
293 380 66
166 283 234 266 243 256 379
265 422 105 401 279
215 38
219 262 193 438 306 360
